7 1
121
68.0321 192.473 16.8909 6.11902 0.12009
68.0321 192.473 16.8909 176.242 0.12009
75.725 113.847 28.2665 182.866 0.114603
75.725 113.847 28.2665 317.659 0.114603
112.128 185.925 2.20434 150.266 0.047597
130.566 186.487 24.5823 131.123 0.104094
158.485 118.266 13.6631 3.83234 0.10337
176.39 134.292 16.0596 184.143 0.0894858
178.469 164.287 19.602 177.787 0.0743286
180.076 192.453 16.3679 119.169 0.0938189
195.319 146.669 12.7092 82.2442 0.116875
195.319 146.669 12.7092 279.356 0.116875
196.902 180.624 13.4712 79.491 0.114619
196.902 180.624 13.4712 281.167 0.114619
209.444 163.325 11.9942 77.9286 0.119057
209.444 163.325 11.9942 281.088 0.119057
213.967 198.114 12.2806 79.0703 0.116103
213.967 198.114 12.2806 277.056 0.116103
214.125 130.155 11.7738 82.8893 0.115948
220.901 163.245 4.53823 359.81 0.0469886
222.203 147.773 14.9717 169.665 0.0798188
229.563 132.402 8.60873 203.699 0.0705615
229.578 196.381 7.64602 6.00012 0.0685111
229.578 196.381 7.64602 181.517 0.0685111
231.877 175.732 20.7908 132.623 0.0755956
233.183 119.591 15.4056 89.7892 0.0938214
245.032 197.334 12.5291 102.405 0.11644
245.032 197.334 12.5291 267.161 0.11644
256.543 135.964 2.24839 62.1992 0.0394519
263.395 183.083 12.0334 118.023 0.112542
263.395 183.083 12.0334 263.811 0.112542
263.995 144.03 12.1682 83.0651 0.111923
263.995 144.03 12.1682 296.743 0.111923
266.263 174.526 1.81697 110.53 0.0514286
266.43 177.08 2.18102 112.543 0.0516952
278.443 169.685 16.6742 302.215 0.0856724
281.636 130.096 11.6419 86.0659 0.116681
291.915 151.023 19.1664 195.045 0.0913862
291.915 151.023 19.1664 302.335 0.0913862
313.66 130.36 2.05408 220.352 0.0509877
338.751 181.177 13.081 283.524 0.0782678
338.751 181.177 13.081 346.284 0.0782678
338.893 146.293 13.4781 12.6203 0.0780368
339.971 148.403 15.3828 11.9185 0.0775947
340.117 178.941 15.3142 347.955 0.0781689
351.89 198.481 12.3354 80.1964 0.111624
351.89 198.481 12.3354 278.845 0.111624
353.441 162.967 29.6338 197.344 0.0939363
354.231 129.213 11.4686 80.3348 0.114942
366.743 182.471 12.8363 198.294 0.0625604
367.163 196.687 6.30462 188.249 0.0809413
378.829 124.222 20.1232 202.024 0.0850621
381.001 196.858 12.6985 47.4906 0.104154
392.397 125.702 2.3577 210.182 0.0468656
398.157 160.6 2.02757 19.5232 0.0518205
399.585 155.854 2.20282 19.7189 0.0526226
406.167 199.966 16.8159 123.252 0.0735189
406.244 166.14 12.7677 15.1312 0.130822
406.244 166.14 12.7677 164.538 0.130822
406.262 182.903 9.80408 90.0303 0.0804189
407.881 168.849 44.6666 92.0398 0.0632054
409.047 136.455 20.7056 203.224 0.0907142
409.047 136.455 20.7056 332.935 0.0907142
412.55 155.662 1.80541 159.989 0.0499833
415.915 194.57 8.01862 97.4825 0.0777847
415.915 194.57 8.01862 152.261 0.0777847
417.06 128.85 10.0618 328.597 0.0742806
433.607 195.015 15.0359 123.58 0.100822
440.504 127.884 22.7196 333.511 0.0951208
467.083 135.276 16.9739 184.672 0.0933792
468.03 194.728 15.0522 15.3706 0.111269
484.783 178.379 10.9942 5.83386 0.0837407
484.783 178.379 10.9942 83.8157 0.0837407
486.834 146.687 12.6895 81.6834 0.117501
486.834 146.687 12.6895 278.632 0.117501
502.084 189.407 26.9278 39.086 0.066872
502.084 189.407 26.9278 145.998 0.066872
502.404 163.366 12.1279 81.364 0.117328
503.213 99.2433 10.6664 66.1331 0.108457
503.213 99.2433 10.6664 273.77 0.108457
505.312 130.04 11.8921 81.2768 0.11503
505.312 130.04 11.8921 280.967 0.11503
514.543 147.547 15.0581 180.383 0.090511
516.128 96.6534 2.0879 18.901 0.034753
520.042 131.219 7.12111 181.278 0.0821574
529.318 126.494 6.98481 184.761 0.0831343
529.318 126.494 6.98481 265.234 0.0831343
530.589 127.657 8.60493 184.194 0.0820621
530.589 127.657 8.60493 264.356 0.0820621
537.669 133.961 16.8772 257.059 0.0924753
538.062 109.969 2.06719 90.3597 0.0345066
538.59 164.95 21.3624 173.693 0.0778243
539.663 191.494 17.0783 118.466 0.0955136
539.663 191.494 17.0783 155.709 0.0955136
543.697 101.856 1.91228 227.198 0.035205
545.22 85.5565 11.6619 203.263 0.0434559
547.71 103.378 8.83902 87.2371 0.0730608
547.71 103.378 8.83902 214.389 0.0730608
550.793 101.77 10.7232 208.843 0.0728681
553.01 191.03 2.17622 290.894 0.0426197
555.924 146.672 12.6995 81.5397 0.117014
555.924 146.672 12.6995 279.814 0.117014
557.462 180.634 13.4541 79.8674 0.114114
557.462 180.634 13.4541 280.924 0.114114
569.388 78.3943 24.1097 19.7916 0.0999211
569.388 78.3943 24.1097 205.956 0.0999211
569.962 163.336 12.1542 78.8483 0.118886
569.962 163.336 12.1542 281.235 0.118886
574.433 198.14 12.4449 79.2853 0.115596
574.433 198.14 12.4449 276.901 0.115596
574.728 129.987 12.5433 81.8018 0.119493
574.728 129.987 12.5433 277.187 0.119493
580.38 120.95 1.96748 270.908 0.0451228
588.412 196.629 6.19951 1.12869 0.0578244
595.366 161.122 31.1944 358.797 0.030896
601.287 196.448 9.79609 47.7405 0.0818489
601.287 196.448 9.79609 252.87 0.0818489
601.287 196.448 9.79609 287.987 0.0818489
601.287 196.448 9.79609 332.54 0.0818489
604.524 197.851 1.9483 18.613 0.100775
604.524 197.851 1.9483 191.319 0.100775
0 0 0 0 70 11 0 0 48 3 0 0 146 46 1 8 134 9 0 0 24 116 28 35 7 61 18 7 34 132 3 1 0 0 0 0 60 11 0 0 53 5 0 0 146 80 6 5 146 23 0 0 34 61 11 30 20 2 3 1 55 146 11 4 0 0 0 0 21 11 0 0 9 0 0 0 105 146 75 22 114 2 0 0 7 30 80 129 17 0 0 0 4 95 23 10 0 0 0 0 0 1 0 0 0 0 0 0 1 14 22 2 0 0 0 0 0 2 23 14 0 0 0 0 0 1 2 2 
0 12 5 1 0 0 0 0 0 2 22 14 0 0 0 0 1 14 23 2 0 0 0 0 0 2 0 0 0 0 0 0 41 144 13 11 13 0 0 0 11 28 77 143 101 0 0 0 117 127 78 25 7 0 0 1 22 8 0 0 0 0 0 0 131 144 4 10 22 6 4 1 65 39 10 75 144 0 0 3 144 23 6 10 30 0 0 23 44 1 0 0 0 0 0 3 52 106 8 7 30 56 5 2 74 56 21 62 116 0 0 5 144 1 0 4 14 0 0 26 27 0 0 0 0 0 0 2 
23 83 47 39 41 17 17 8 42 138 53 62 38 5 8 3 138 59 16 26 19 0 0 0 31 4 0 0 0 0 0 0 64 4 0 5 34 48 38 61 58 41 42 19 52 138 39 30 138 48 15 8 5 14 11 35 53 3 0 0 0 0 0 2 45 0 0 4 8 17 126 127 26 1 0 0 16 138 127 69 123 2 0 0 1 35 109 138 22 0 0 0 0 0 0 11 0 0 0 0 0 0 36 14 0 0 0 0 0 8 19 6 0 0 0 0 0 2 19 10 0 0 0 0 0 0 0 1 
0 0 0 1 0 0 0 0 0 2 17 14 0 0 0 0 0 14 17 2 0 0 0 0 0 1 0 0 0 0 0 0 0 0 0 74 5 0 0 0 14 35 102 138 16 1 0 1 118 138 90 31 1 0 0 3 12 18 11 0 0 0 0 0 0 0 0 138 47 5 10 8 54 13 13 138 68 56 32 33 138 70 79 57 5 8 4 44 14 127 120 31 0 0 2 3 0 0 0 44 67 55 72 29 17 18 7 40 138 45 43 32 50 46 53 52 12 3 5 39 11 71 41 25 1 1 10 22 
1 1 0 0 2 1 1 1 120 3 0 0 1 1 0 3 203 3 0 0 0 0 0 7 45 1 1 0 0 0 0 1 0 1 1 1 1 1 1 0 159 2 1 0 0 1 1 8 203 0 0 0 0 0 0 16 52 1 0 1 0 1 1 3 0 0 0 0 0 1 1 0 169 1 0 0 0 0 1 11 203 1 0 0 0 0 0 14 46 2 0 0 0 0 1 4 0 0 0 0 0 0 0 0 143 2 0 1 0 0 0 5 203 0 0 0 0 0 0 13 34 0 0 0 0 0 0 5 
15 34 46 81 22 2 2 4 107 123 21 12 2 0 0 1 18 55 8 0 0 0 0 0 0 2 0 0 0 0 0 0 19 5 28 84 15 4 19 48 108 116 104 54 5 0 1 31 123 123 62 4 0 0 0 3 20 19 2 0 0 0 0 0 1 0 10 45 16 17 49 38 61 15 22 62 39 57 25 47 123 66 55 16 1 3 3 70 41 69 69 7 0 0 0 2 0 0 5 18 49 37 98 55 36 28 9 48 103 30 21 24 68 45 73 33 1 1 3 86 62 33 33 11 0 0 2 114 
0 0 44 54 17 0 0 0 1 1 125 29 1 0 2 2 0 0 125 17 0 0 11 2 0 0 125 14 0 0 15 1 5 1 16 45 125 8 0 2 62 4 69 22 27 2 34 76 7 1 72 27 3 2 125 36 0 0 86 10 0 0 122 11 15 16 1 3 125 15 0 1 125 15 0 8 61 5 4 19 33 4 45 87 104 4 13 9 18 5 105 19 5 0 26 37 14 46 9 16 103 4 0 0 125 15 0 3 59 3 0 0 40 7 0 3 125 13 0 2 48 45 21 1 14 1 11 28 
0 1 29 73 31 35 36 0 41 18 12 63 63 42 11 1 113 42 0 5 80 8 0 0 10 3 0 2 103 22 17 16 10 7 43 53 24 62 42 0 40 3 16 55 80 84 29 8 113 13 0 1 82 14 3 21 82 2 0 0 113 19 6 19 3 2 58 49 18 39 47 3 8 1 49 37 19 10 113 35 60 3 41 33 58 6 34 90 110 8 4 30 103 6 2 9 0 0 68 14 2 5 90 8 0 0 76 7 0 0 113 15 1 1 60 28 6 3 113 15 35 1 4 20 12 3 108 63 
4 22 82 39 8 23 12 9 1 59 111 26 15 29 5 0 8 111 104 42 8 1 0 0 1 50 111 74 10 0 0 0 14 47 10 52 32 46 21 14 14 22 20 107 99 72 8 1 111 102 18 48 74 5 0 2 17 48 35 62 111 13 14 4 62 45 20 40 30 27 2 16 18 1 12 75 101 83 10 10 111 3 0 7 85 14 5 44 36 1 0 2 90 29 32 40 8 5 40 25 20 15 17 19 3 2 29 25 17 23 61 17 24 4 20 33 43 7 31 59 106 1 1 18 40 13 9 43 
34 12 26 11 31 33 10 18 21 99 39 18 66 26 4 3 48 114 5 0 2 0 0 0 3 4 0 0 0 0 0 0 3 81 72 32 64 11 0 3 37 74 50 67 111 26 0 5 114 112 2 8 10 1 0 15 27 11 0 0 0 0 0 0 1 25 53 67 62 7 15 23 28 13 58 47 8 0 33 114 114 35 71 21 1 0 3 113 25 72 32 1 0 0 0 1 0 1 19 33 2 10 72 75 1 0 53 100 1 2 37 85 24 34 114 96 3 4 2 19 114 96 28 2 0 0 0 12 
95 5 15 39 25 2 0 15 61 43 40 38 16 26 25 5 26 15 22 37 8 12 101 23 11 41 23 11 8 2 19 44 82 1 2 35 110 0 0 16 115 32 9 32 60 0 0 15 70 22 24 115 113 0 0 4 115 57 20 28 28 0 0 4 58 3 1 27 115 13 2 13 57 93 60 30 50 11 12 1 28 42 70 112 44 2 8 1 78 81 58 36 11 0 3 3 32 16 22 2 42 67 24 7 0 9 28 2 11 63 115 0 0 8 20 8 0 35 115 0 1 16 24 4 0 9 115 13 
0 0 114 49 0 1 30 8 0 1 114 44 0 1 28 12 37 68 114 14 1 4 18 4 45 43 6 1 85 24 1 0 7 0 32 15 11 59 66 31 60 2 21 5 8 34 72 108 80 22 6 1 44 96 63 18 114 32 0 0 79 22 0 1 44 4 0 0 88 103 28 26 114 11 0 0 43 48 19 55 63 7 0 0 114 105 13 17 114 16 0 0 62 28 9 27 46 7 0 3 21 52 25 13 30 1 26 43 12 32 51 53 12 13 81 33 33 49 17 20 18 36 17 1 35 22 19 46 
57 15 16 34 12 9 40 9 25 61 43 29 8 2 35 32 12 23 13 52 59 19 7 11 40 32 12 12 11 12 16 47 72 25 27 87 66 0 0 8 116 58 24 57 42 0 0 12 66 22 17 116 116 0 0 6 116 34 8 18 17 0 0 21 8 31 65 51 8 16 47 0 54 94 69 35 6 6 36 4 55 18 69 103 28 0 15 72 116 0 0 5 3 0 0 101 0 14 45 0 0 38 116 0 0 16 37 1 0 26 116 10 13 13 15 1 0 1 109 116 24 2 0 0 0 0 4 75 
0 0 5 73 31 26 33 2 0 0 95 117 9 3 44 10 1 0 117 59 0 4 22 13 3 6 98 27 0 7 31 19 3 0 1 67 117 7 1 4 43 0 14 56 54 21 59 101 40 2 10 5 37 100 69 50 81 5 2 0 26 47 52 67 9 1 0 1 117 61 1 2 117 25 0 0 57 41 11 45 65 7 0 0 95 117 36 25 109 7 5 4 33 38 21 46 1 0 0 3 48 71 7 1 71 22 10 12 20 52 31 39 37 20 3 27 18 35 29 14 5 0 52 97 16 9 18 18 
16 19 24 15 16 77 38 3 6 3 7 5 1 43 118 34 9 8 4 1 5 2 70 118 4 1 0 17 92 26 10 33 118 31 18 29 19 1 5 21 44 26 53 110 38 4 30 9 65 106 46 25 13 1 10 16 10 19 21 80 60 15 6 3 118 54 27 35 26 0 0 17 64 23 26 118 105 0 0 6 118 50 18 41 31 0 0 20 40 11 11 105 117 0 0 6 7 46 51 16 6 20 38 0 19 37 45 54 7 10 27 1 42 83 87 38 4 1 13 4 46 3 30 69 18 0 3 53 
5 0 26 54 14 10 46 51 15 0 27 12 9 60 56 34 49 2 10 3 7 33 73 94 58 18 2 0 28 64 33 6 117 11 0 1 28 26 27 80 51 4 0 0 117 117 34 25 117 18 0 0 38 42 15 50 44 7 0 0 117 96 10 11 117 23 0 0 17 33 17 34 47 6 0 4 46 117 61 21 60 2 31 43 14 33 60 83 11 10 69 30 38 64 21 20 35 39 23 25 15 18 17 24 34 41 5 46 33 8 9 5 1 0 49 117 54 3 7 5 2 24 116 44 1 3 15 13 
7 12 7 2 3 2 57 121 4 2 2 22 115 42 15 37 58 2 1 9 42 26 36 121 48 0 0 0 0 0 0 49 74 90 39 27 13 0 4 9 21 32 30 118 95 13 5 3 119 89 26 21 8 7 14 40 29 5 0 0 0 0 0 11 121 50 23 38 24 0 0 13 62 13 19 121 121 0 0 12 121 25 4 13 13 0 0 51 39 1 0 0 0 0 0 6 20 62 67 23 1 3 31 4 58 6 45 71 12 0 14 98 121 0 0 2 1 0 0 119 11 0 0 0 0 0 0 6 
0 0 0 9 65 1 0 0 15 0 1 61 129 7 2 17 55 0 3 16 28 31 67 117 28 1 1 1 46 83 41 27 0 0 0 0 72 15 0 0 48 2 0 1 129 91 5 11 129 19 0 0 42 36 10 48 42 2 0 0 104 114 33 22 0 0 0 0 21 15 0 0 9 1 4 16 95 129 30 13 121 37 14 11 9 36 35 71 22 10 4 43 19 52 41 14 0 0 0 1 11 1 0 0 1 3 10 71 129 10 1 0 101 85 33 45 36 2 2 2 35 21 3 95 78 0 0 0 
91 0 0 16 84 0 0 19 86 2 5 6 39 77 5 26 1 10 14 4 31 115 66 1 3 3 15 13 0 11 98 54 115 2 1 17 80 0 0 21 87 19 47 86 36 10 1 10 77 52 35 26 8 36 62 9 11 12 26 34 5 7 104 32 115 0 0 14 68 0 0 25 75 6 5 56 115 0 0 9 115 28 7 28 36 0 0 15 36 20 25 92 83 0 0 1 110 0 0 9 50 0 0 21 35 15 3 32 115 4 0 4 66 80 55 33 19 1 1 2 25 20 28 73 43 0 0 0 
0 20 141 0 0 0 0 0 23 106 92 0 0 0 0 0 16 21 2 0 15 2 0 0 0 0 0 0 141 44 0 0 29 41 141 0 0 0 1 2 141 126 37 0 0 0 0 2 107 16 0 0 6 3 0 0 0 0 0 0 92 86 0 0 32 2 2 0 0 0 129 38 141 3 0 0 0 0 28 112 113 0 0 0 0 1 0 14 0 0 0 0 10 39 1 0 1 0 0 0 0 0 141 23 32 0 0 0 0 0 92 119 20 0 0 0 0 0 1 23 0 0 0 0 0 2 0 0 
33 113 16 0 1 22 25 17 23 113 10 6 2 7 66 30 3 7 30 53 18 71 47 7 0 8 44 40 40 79 29 0 15 56 20 24 53 110 10 5 113 113 10 10 17 9 1 20 27 16 48 78 59 84 16 1 4 0 54 78 49 74 14 1 9 4 27 38 30 15 70 63 105 9 21 17 24 17 32 113 16 6 113 47 26 62 21 2 7 1 47 69 66 57 23 8 4 37 61 0 0 10 59 24 3 33 113 10 19 22 28 25 0 13 75 12 16 51 48 0 2 9 35 11 4 27 86 14 
18 114 40 0 0 2 1 0 55 114 3 4 2 14 9 0 3 4 31 63 3 10 43 14 0 0 79 96 1 0 10 10 38 33 0 2 26 34 5 1 114 100 2 8 12 4 0 5 20 9 26 111 99 53 12 3 0 0 46 71 10 12 60 47 26 1 1 33 43 10 4 56 114 6 1 1 4 6 2 114 25 1 7 11 32 105 53 19 0 0 29 34 3 19 111 65 3 0 7 11 1 0 39 114 22 1 49 47 0 0 4 109 3 0 101 114 1 4 3 5 0 0 88 100 0 1 10 8 
5 1 24 5 0 0 53 49 7 8 24 9 1 1 2 13 0 1 57 35 2 10 9 0 0 4 95 4 0 17 32 0 7 25 126 48 0 0 1 1 62 113 84 23 21 2 0 2 6 7 84 121 125 28 2 0 0 8 126 24 10 11 13 0 21 13 66 12 0 0 95 86 126 33 9 1 12 13 27 126 15 1 2 7 84 126 64 10 0 0 13 3 8 68 126 1 0 0 0 0 0 0 126 67 4 0 0 0 0 1 41 75 1 0 0 0 0 26 35 6 0 0 0 0 0 12 88 0 
0 26 106 0 0 0 0 0 0 39 39 3 0 0 0 0 0 3 38 54 2 0 0 0 0 0 122 41 0 0 0 0 10 84 125 0 0 3 26 5 103 125 53 9 11 1 3 11 14 14 34 125 124 23 5 1 0 0 125 87 18 10 45 3 9 7 4 0 0 31 125 21 111 17 1 0 7 11 89 124 18 2 0 6 77 118 82 18 0 0 2 3 10 28 125 25 0 29 33 0 0 9 65 2 1 11 6 0 0 3 48 27 0 1 5 17 5 12 28 6 0 0 61 28 2 2 38 5 
26 12 31 29 57 19 23 47 32 116 91 11 8 5 20 33 51 116 9 0 0 2 8 4 5 20 1 0 0 0 0 0 25 12 40 38 116 35 8 14 116 31 2 7 27 25 53 57 69 89 34 11 33 34 50 19 12 116 40 4 7 2 0 0 17 12 25 34 22 29 70 37 116 19 30 30 24 5 26 109 15 18 112 75 91 22 4 3 87 116 30 32 37 6 0 6 12 51 12 11 9 51 28 9 4 32 62 43 40 15 10 13 3 6 61 85 62 4 9 40 68 13 33 46 4 0 2 79 
5 0 0 1 127 0 0 0 79 5 2 10 91 9 1 5 51 52 27 29 46 14 1 1 24 19 24 101 38 0 1 18 8 0 0 1 127 0 0 0 127 3 1 2 91 39 7 23 13 13 22 11 41 127 60 10 17 5 20 24 2 12 91 116 9 0 0 1 127 0 0 0 127 19 11 23 85 4 1 3 55 51 36 49 19 32 35 8 27 31 25 42 14 4 60 39 7 0 0 1 127 0 0 0 100 2 1 8 100 1 0 0 57 54 17 26 69 1 0 0 28 41 30 71 34 0 0 0 
18 4 25 37 17 9 33 58 60 101 17 0 12 50 42 15 121 115 0 0 1 1 0 0 9 5 0 0 0 0 0 0 121 0 0 5 26 17 14 93 70 12 0 0 121 112 20 27 121 54 0 0 14 9 3 19 34 5 0 0 0 0 0 1 121 1 1 2 11 10 6 121 27 1 3 7 101 121 32 35 121 38 14 6 9 19 25 84 27 14 0 0 0 0 0 3 17 32 47 22 8 1 11 54 9 30 20 30 99 25 3 3 50 117 37 30 56 9 2 3 51 56 0 0 0 0 0 0 
0 0 0 0 17 5 0 0 5 1 2 8 124 91 16 10 112 6 2 2 22 34 25 78 21 1 2 5 50 72 31 19 0 0 0 10 21 1 0 0 8 12 25 131 109 20 5 2 126 86 35 42 11 7 8 24 21 9 21 131 25 13 8 4 0 0 0 9 59 0 0 0 39 7 3 68 131 3 0 2 131 44 15 56 42 0 0 17 19 4 7 131 103 0 0 12 0 0 0 0 44 8 0 0 10 11 2 3 131 71 1 0 39 72 67 46 32 24 8 2 31 3 21 81 24 0 5 58 
1 0 0 0 1 1 0 1 18 0 0 0 1 1 1 14 162 0 0 0 0 0 0 162 96 0 0 0 0 0 0 110 0 0 1 1 1 1 0 0 86 2 1 0 1 0 0 18 162 4 0 0 0 0 0 128 80 4 0 0 0 0 0 32 0 0 2 1 1 0 0 0 85 20 1 0 0 0 0 2 162 159 0 0 0 0 0 5 64 59 1 0 0 0 0 1 0 0 0 0 1 1 1 0 10 14 1 0 0 1 1 1 81 162 7 0 0 0 1 0 17 162 63 0 0 0 0 0 
2 1 18 62 22 3 31 62 7 32 126 51 1 0 5 17 11 126 71 0 0 1 4 1 14 70 1 0 0 0 0 0 8 1 3 65 126 8 4 7 59 6 16 24 13 18 51 91 40 106 5 0 17 89 49 17 94 126 0 0 2 4 0 0 22 9 3 13 126 21 0 1 126 24 0 1 22 17 8 29 56 10 0 0 74 126 19 14 126 48 1 0 11 31 15 30 11 11 25 54 55 2 6 15 126 8 0 4 9 1 2 67 59 3 4 1 18 66 16 16 16 14 21 18 32 32 21 19 
0 0 4 69 60 2 0 0 70 46 34 58 23 5 4 11 56 23 6 71 11 5 2 8 0 1 77 112 7 6 7 3 3 1 0 45 120 1 0 0 120 29 9 32 62 0 0 23 60 12 10 120 75 0 0 9 10 0 15 101 32 2 16 58 1 1 0 4 120 47 0 0 42 72 51 19 70 39 5 1 18 19 57 120 24 1 7 35 71 0 0 15 14 3 6 120 0 0 1 6 45 84 2 0 0 2 15 11 21 120 73 1 8 6 20 6 0 10 93 100 30 9 12 1 12 5 6 119 
99 8 20 41 13 0 0 10 53 55 68 41 7 9 6 4 32 20 4 66 17 27 42 2 0 2 49 100 11 17 37 1 75 3 2 41 88 1 0 11 116 34 12 39 40 0 0 22 53 11 9 116 77 0 0 8 8 1 16 101 29 3 22 56 56 2 0 3 109 53 2 20 50 78 52 25 51 38 7 1 20 16 49 116 27 1 9 43 65 0 0 14 17 4 10 116 50 4 11 13 26 68 5 13 4 8 14 5 14 107 108 4 7 2 8 6 0 7 116 111 22 2 1 2 24 6 10 116 
13 1 21 108 23 5 12 17 2 21 124 88 4 6 11 10 7 124 82 3 19 17 6 4 15 43 4 1 61 68 0 0 9 1 4 84 124 6 1 4 73 4 17 30 17 19 48 90 35 76 7 0 22 104 51 19 64 68 1 0 36 58 1 1 21 12 5 22 124 15 0 1 124 20 0 2 26 14 6 25 64 6 0 0 69 124 25 17 82 14 0 0 17 53 28 64 11 11 28 58 41 3 10 17 124 8 5 7 8 1 2 62 58 5 44 26 6 41 19 11 4 11 74 12 3 15 26 36 
1 1 1 0 1 1 0 0 71 2 1 0 1 1 0 13 202 0 0 0 0 0 0 99 86 0 0 0 0 0 0 33 1 1 2 3 2 0 1 1 134 4 1 0 0 0 0 8 202 4 0 0 0 0 0 36 97 3 0 0 0 0 0 9 1 1 0 1 2 1 2 3 136 5 1 0 0 0 1 4 202 11 0 0 0 0 0 2 104 4 0 0 0 0 0 2 0 1 1 0 0 1 1 0 94 9 1 0 0 0 0 0 202 21 0 0 0 0 0 0 89 5 0 0 0 0 0 0 
12 1 0 0 0 0 0 3 179 0 0 0 0 0 0 125 119 0 0 0 0 0 1 120 1 0 0 0 1 2 3 8 35 2 1 1 1 1 0 2 179 5 0 0 0 0 0 43 165 3 0 0 0 0 0 19 2 1 1 1 1 0 1 2 34 4 1 1 1 0 1 4 179 29 0 0 0 0 0 2 173 12 0 0 0 0 1 4 2 1 0 0 0 0 1 4 18 4 1 0 0 0 1 1 179 36 0 0 0 0 0 0 160 16 0 0 0 0 0 0 2 1 0 0 0 0 0 0 
23 37 14 15 43 8 20 8 19 3 14 91 116 7 5 18 36 33 32 15 5 33 41 43 29 37 4 0 11 50 7 12 7 95 35 20 72 33 1 0 70 30 20 48 116 14 1 9 116 20 5 6 9 57 27 30 20 5 30 10 5 63 44 57 1 14 14 8 36 116 28 0 33 7 20 49 21 49 97 54 112 17 76 87 4 4 11 47 3 14 116 76 1 4 25 18 0 0 0 0 7 62 27 0 1 0 1 46 113 49 64 8 14 0 18 88 36 4 19 98 3 1 10 11 0 13 93 116 
114 0 0 7 68 0 0 13 91 3 9 3 9 69 9 16 0 4 9 2 7 114 90 0 0 3 11 1 1 50 114 0 114 4 1 10 73 0 0 9 84 24 69 84 15 3 1 3 64 74 55 22 3 18 25 3 10 6 5 92 27 25 51 1 114 2 0 11 70 0 0 9 75 10 8 69 114 1 0 4 114 36 11 40 19 0 0 14 13 3 4 114 83 0 0 4 99 0 0 4 49 5 1 16 35 14 2 5 114 41 1 6 48 66 52 43 16 8 2 1 16 2 15 85 28 0 1 29 
1 53 116 21 4 16 5 0 4 42 69 116 41 9 2 0 43 56 61 56 12 7 4 28 22 65 46 4 4 5 9 46 15 29 19 5 99 116 27 1 116 48 12 12 39 53 47 20 16 39 21 15 20 110 116 8 34 108 52 6 16 38 14 9 14 1 6 95 116 35 4 12 116 9 3 14 51 12 11 68 27 2 5 84 82 53 28 9 29 7 12 21 27 24 19 55 5 1 11 58 36 13 17 22 44 15 63 18 7 2 26 62 4 2 42 57 25 12 58 29 2 2 16 8 2 3 88 47 
7 6 11 67 94 6 14 9 22 24 51 50 28 7 21 39 20 40 15 2 12 26 26 20 51 115 0 0 2 20 5 3 13 23 42 62 103 12 1 3 115 14 7 17 36 15 32 49 25 7 52 17 3 45 89 54 20 52 27 7 36 76 14 9 6 2 11 25 27 115 82 12 90 19 57 66 21 15 34 43 10 19 115 80 1 5 50 41 8 48 78 10 21 22 35 11 0 0 0 6 100 72 27 0 29 1 6 44 106 28 15 81 27 4 7 9 1 16 105 115 4 4 4 4 2 77 100 23 
1 2 0 1 2 0 0 0 149 63 0 1 1 0 0 0 177 102 0 0 0 0 0 0 26 9 0 0 0 0 0 0 1 2 1 1 2 1 1 1 154 23 0 0 1 0 1 4 177 56 0 0 0 0 0 3 61 7 0 0 0 0 0 1 1 1 2 0 0 2 3 0 149 4 0 0 0 0 1 22 177 5 0 0 0 0 0 58 60 3 0 0 0 0 0 5 2 1 2 0 1 1 1 1 144 0 0 0 0 0 0 68 177 0 0 0 0 0 0 114 22 1 0 0 0 0 0 9 
0 0 1 67 37 35 20 0 0 0 53 124 17 11 34 13 2 2 122 52 0 0 48 27 0 15 99 9 0 8 68 10 1 0 0 60 124 9 0 2 48 1 6 59 65 5 35 124 12 0 3 3 0 0 124 124 0 0 0 0 12 52 124 30 3 0 0 1 124 70 1 2 124 25 0 0 55 43 9 51 82 22 5 0 0 0 18 36 0 1 7 0 19 20 10 2 0 0 0 1 47 60 2 0 48 16 31 21 42 59 20 18 32 36 124 4 1 0 0 3 0 11 124 0 1 2 0 0 
16 23 4 74 102 0 0 2 119 0 0 27 35 0 1 89 65 0 0 0 0 6 50 92 3 0 0 7 4 10 62 17 33 4 0 20 119 25 2 18 119 37 2 4 27 4 0 46 85 34 20 1 0 0 0 21 0 2 7 66 32 0 1 0 5 1 0 0 81 119 17 11 68 107 22 0 11 91 56 2 21 119 119 3 0 5 26 11 4 27 37 113 56 4 3 5 0 0 0 0 2 65 19 0 0 3 2 0 0 102 119 0 7 16 8 0 1 26 119 31 4 5 3 15 27 60 62 20 
0 0 21 41 7 3 114 34 0 1 71 65 2 2 83 29 24 52 72 9 0 0 56 48 35 28 2 7 20 1 40 29 9 4 7 120 112 2 13 5 75 3 45 83 15 0 25 111 35 15 20 3 0 0 117 120 32 8 0 11 64 1 15 45 15 5 4 17 120 23 1 3 120 48 0 3 33 5 2 34 85 21 1 0 0 0 17 31 0 0 1 10 94 1 4 3 15 36 12 5 109 44 0 1 120 92 2 0 36 29 0 0 59 92 68 8 0 0 0 0 2 6 63 31 51 1 0 1 
1 0 35 33 9 6 93 22 2 5 53 44 4 2 64 19 46 40 23 4 0 0 50 59 21 5 1 26 47 7 59 29 15 6 5 110 111 5 20 10 83 5 35 74 21 1 19 110 52 19 9 1 4 1 67 124 20 3 0 33 124 3 6 22 16 12 14 23 124 16 1 5 124 59 0 4 43 6 2 35 82 33 11 6 12 1 15 36 1 1 4 37 124 2 2 2 27 38 15 7 61 42 3 8 83 104 8 0 29 53 11 2 30 100 123 12 2 0 7 7 2 7 44 39 77 11 14 13 
8 32 9 82 72 0 4 4 82 1 6 54 36 0 6 97 33 3 3 1 0 2 114 100 19 2 0 30 16 3 47 37 36 16 3 28 101 25 6 21 116 36 2 7 33 6 0 51 77 34 21 14 5 1 9 29 1 1 4 116 72 2 6 1 6 1 0 0 50 116 32 25 70 98 15 0 13 93 65 6 18 116 90 27 7 6 29 16 3 6 18 116 73 14 19 12 0 0 0 0 1 57 21 1 0 3 0 0 0 81 116 3 3 9 3 2 3 25 116 24 0 1 1 5 12 44 97 28 
0 0 1 0 1 120 90 0 10 18 2 3 9 120 112 9 114 63 0 1 1 12 33 71 45 8 0 0 0 0 0 12 0 1 4 8 23 21 11 0 9 16 14 87 120 47 24 3 120 64 14 19 9 6 14 46 38 3 0 0 0 0 0 10 0 17 120 50 15 0 0 0 43 6 37 120 120 0 0 13 120 20 3 14 11 0 0 58 39 1 0 0 0 0 0 7 0 13 120 17 0 4 50 8 44 1 42 48 3 0 30 120 116 0 0 1 0 0 1 120 10 0 0 0 0 0 0 6 
0 0 0 12 52 1 0 0 6 0 1 93 128 5 2 13 28 0 8 34 18 2 67 128 1 0 3 1 0 0 128 70 0 0 0 1 70 13 0 0 41 1 0 3 128 80 3 14 128 16 0 0 14 11 14 88 26 5 1 0 0 0 36 28 0 0 0 0 23 14 0 0 10 1 3 14 118 128 16 10 126 46 69 15 13 28 18 32 19 41 122 0 0 0 0 0 0 0 0 0 9 2 0 0 0 0 4 27 128 51 3 0 2 16 104 37 46 76 16 1 2 31 128 1 1 10 12 13 
0 0 45 38 0 0 0 0 0 1 106 89 2 2 0 0 0 0 118 96 4 3 0 0 2 29 112 98 1 2 2 0 12 11 118 98 1 2 0 0 96 26 90 72 19 33 16 23 17 1 67 48 93 81 15 21 17 21 21 21 16 35 38 24 49 11 36 14 4 74 19 13 118 38 15 36 26 11 7 17 35 6 5 64 113 20 17 28 34 5 2 8 28 15 44 41 24 6 2 3 8 44 48 32 32 11 5 9 5 10 93 70 2 1 2 10 11 5 118 87 2 1 0 0 0 0 117 78 
92 0 0 22 80 0 0 23 117 8 16 1 0 16 6 36 2 10 16 1 1 117 45 1 1 6 2 0 0 117 80 0 117 3 1 22 68 0 0 27 86 31 84 81 15 0 0 11 83 94 62 12 1 6 4 4 19 7 0 0 0 42 31 2 117 1 0 17 59 1 0 33 75 14 8 70 117 1 0 8 117 58 8 7 4 0 0 19 28 15 13 0 0 1 1 3 98 0 0 4 41 11 1 39 22 21 2 6 117 51 1 6 50 117 56 1 8 9 1 0 3 67 117 0 0 0 0 0 
0 2 41 47 4 0 0 0 1 11 80 85 9 3 2 0 0 0 97 132 12 8 36 7 0 14 132 31 2 25 36 3 10 12 43 132 75 0 0 0 132 57 54 43 17 10 25 21 18 1 4 20 12 21 132 70 0 1 3 2 37 132 104 14 24 4 22 83 36 43 23 9 132 24 1 6 7 10 3 11 85 4 0 0 1 2 18 20 0 0 1 3 74 56 5 1 25 24 9 18 70 41 18 12 132 6 0 4 27 9 0 2 83 4 10 24 6 0 0 0 0 0 43 83 28 3 0 0 
0 2 71 14 0 0 0 0 1 26 54 8 1 0 0 0 0 3 42 97 7 0 0 0 0 0 134 86 0 0 0 0 12 22 134 61 6 0 0 0 127 116 86 14 18 0 0 2 17 11 18 134 134 12 6 1 0 0 61 77 21 6 45 12 57 6 16 19 28 0 0 4 134 11 2 1 16 9 2 33 31 0 0 5 108 95 94 20 0 0 0 1 9 14 134 71 62 0 0 6 6 0 0 8 134 0 0 0 0 2 2 39 31 0 0 0 0 14 44 15 0 0 0 0 0 1 40 15 
27 22 50 57 13 15 4 4 120 30 6 14 5 7 8 16 40 8 5 63 77 49 17 10 66 10 0 25 97 36 3 18 28 24 30 11 9 103 15 9 120 32 19 15 10 6 7 27 47 10 15 119 103 21 4 2 25 5 20 40 34 11 19 46 14 6 21 36 16 120 46 15 73 16 64 33 4 13 47 66 10 5 59 83 21 5 75 70 0 0 9 15 3 2 113 107 2 3 34 39 4 2 65 62 0 0 10 12 1 1 120 115 0 0 2 1 0 0 101 97 0 0 0 0 0 0 40 38 
10 18 1 0 76 122 0 0 29 86 60 25 24 34 3 7 31 5 19 28 27 17 48 117 5 3 0 0 0 10 122 70 0 0 0 4 80 122 0 0 62 13 11 3 70 122 8 15 122 29 3 0 0 6 10 101 28 3 0 0 0 2 37 27 2 5 26 122 29 22 0 0 43 14 22 38 43 99 54 57 98 7 0 0 0 9 43 122 18 1 0 0 0 0 0 13 15 7 58 113 0 0 3 60 95 10 10 14 0 0 6 122 11 0 0 0 0 0 7 47 0 0 0 0 0 0 0 2 
70 14 0 0 0 0 0 0 179 56 0 0 0 0 0 0 86 15 0 0 0 0 0 0 3 1 0 0 0 0 0 0 71 8 0 0 0 1 0 0 179 46 0 0 0 0 0 0 148 13 0 0 0 0 0 1 4 0 0 0 0 0 0 1 50 4 0 0 0 0 4 22 179 23 0 0 0 0 1 60 166 8 0 0 0 0 0 11 2 0 0 0 0 0 0 2 7 0 0 0 0 0 72 178 105 0 0 0 0 0 34 179 55 0 0 0 0 0 0 38 2 0 0 0 0 0 0 0 
0 0 0 1 1 1 0 0 113 4 0 0 1 1 0 4 213 9 0 0 0 0 0 6 61 3 0 0 0 0 0 3 0 0 0 1 1 1 1 0 133 10 0 1 1 1 0 2 213 26 0 0 0 0 0 4 84 5 0 0 0 0 0 3 0 0 0 1 1 1 1 1 117 6 0 0 0 0 1 3 213 28 0 0 0 0 0 1 96 9 0 0 0 0 0 0 0 0 1 0 0 1 1 0 76 7 0 0 0 0 0 0 213 30 0 0 0 0 0 0 85 10 0 0 0 0 0 0 
0 0 1 0 0 0 0 0 117 5 1 0 0 0 0 1 216 5 0 0 0 0 0 7 45 1 0 0 1 11 2 3 0 0 1 1 2 1 0 0 139 11 2 1 1 1 0 1 216 19 0 0 0 0 0 1 64 4 0 0 0 0 0 1 0 0 0 1 2 1 1 0 133 6 0 0 2 1 0 4 216 15 0 0 0 0 0 7 70 3 0 0 0 0 0 5 0 0 0 1 1 1 1 0 91 6 0 0 1 0 1 2 216 26 0 0 0 0 0 1 62 6 0 0 0 0 0 1 
48 33 45 35 5 1 21 78 76 126 34 10 1 0 0 6 20 29 0 0 0 0 0 0 0 0 0 0 0 0 0 0 14 6 14 126 42 3 28 41 126 100 28 33 2 0 6 36 91 46 15 0 0 0 0 8 0 5 1 0 0 0 0 0 37 13 10 88 26 7 40 71 90 119 57 34 23 15 35 30 52 126 126 1 0 0 6 15 24 72 5 0 0 0 0 1 26 28 22 16 5 7 93 44 2 10 20 32 11 5 126 92 37 55 23 4 20 33 105 69 30 126 22 3 12 7 1 2 
3 1 2 52 123 2 5 3 3 12 32 51 48 10 24 16 34 123 13 1 1 18 12 2 31 114 1 1 37 15 0 0 8 1 0 20 123 1 1 3 91 12 2 7 62 33 30 59 22 47 3 9 65 117 20 10 61 123 1 1 19 8 0 0 4 3 1 9 123 1 0 0 67 80 32 14 59 4 6 23 8 19 33 54 70 40 52 16 42 80 0 2 15 35 23 4 2 3 15 19 123 14 6 5 46 7 2 1 36 10 23 123 12 1 2 1 1 44 115 75 7 3 0 0 0 92 97 18 
16 9 7 17 123 6 1 9 56 123 23 5 15 1 2 8 11 72 118 47 1 1 2 1 13 25 87 79 0 0 0 7 16 1 0 0 123 15 1 11 84 23 7 4 29 13 32 84 9 16 53 36 65 56 32 23 62 4 20 24 9 3 3 119 15 4 0 0 123 25 0 3 109 66 29 32 33 5 2 12 34 10 19 95 57 9 3 80 74 0 0 2 5 1 1 123 1 2 4 2 123 68 6 0 8 24 19 6 20 35 43 33 43 3 10 11 1 0 7 123 25 1 14 14 3 0 0 76 
0 0 74 50 0 1 28 11 2 0 51 29 0 15 34 10 19 3 21 8 0 2 26 101 87 5 2 0 0 0 21 109 9 15 11 3 4 11 112 89 19 1 4 12 79 95 82 18 112 3 0 1 13 10 15 112 35 2 0 0 0 0 22 81 9 83 112 11 4 7 15 14 18 18 81 96 75 11 4 1 112 112 17 10 13 1 0 2 33 89 25 0 0 0 0 2 0 8 20 1 0 69 112 0 2 7 23 14 0 55 106 0 16 84 21 2 0 21 61 5 82 96 19 0 0 1 8 18 
0 0 1 35 118 46 3 0 24 35 21 48 70 37 10 26 140 98 6 1 0 2 3 73 23 7 0 0 0 0 0 5 0 0 0 14 140 18 1 0 27 23 7 63 99 59 21 5 140 83 3 8 4 5 7 18 62 7 0 0 0 0 0 2 0 1 1 5 140 15 2 0 17 30 28 25 83 48 91 18 140 33 19 8 1 14 47 36 71 9 0 0 0 0 0 1 0 1 1 4 140 12 0 0 8 24 40 22 83 27 5 3 140 42 27 9 6 4 2 13 68 6 0 0 0 0 0 3 
5 20 113 57 18 26 2 1 31 28 73 82 18 16 5 4 121 34 7 17 6 7 10 16 28 6 3 45 61 44 16 8 64 42 5 4 10 121 16 7 35 32 35 13 10 121 19 10 121 37 20 16 10 7 7 24 37 9 11 90 79 17 3 2 121 61 9 4 7 49 12 18 23 10 26 43 18 121 56 16 72 15 56 35 5 16 49 66 8 4 44 63 15 4 58 60 29 10 34 16 4 2 33 42 5 5 46 50 5 3 73 78 0 0 9 14 1 1 110 117 0 0 1 1 0 0 70 75 
12 24 19 2 1 13 49 35 2 80 53 4 5 54 50 12 0 122 91 1 1 18 7 0 0 83 55 0 0 1 1 0 8 2 3 76 8 12 92 55 6 13 56 122 20 44 24 17 68 68 49 18 5 43 47 14 7 83 56 5 7 62 41 5 7 10 23 122 13 7 10 5 33 10 18 122 25 35 19 14 122 28 10 38 16 17 9 27 28 10 29 122 33 33 12 8 3 2 4 29 14 59 120 7 32 3 4 24 44 95 46 15 122 10 7 67 31 8 7 23 34 7 6 86 33 1 14 29 
0 0 0 0 0 0 0 0 103 0 0 0 0 0 0 9 202 0 0 0 0 0 0 16 87 0 0 0 0 0 0 4 0 0 0 1 0 1 0 0 143 6 0 0 0 0 0 5 202 2 0 0 0 0 0 14 99 0 0 0 0 0 0 7 0 0 0 1 1 1 0 0 147 4 0 0 0 0 0 8 202 9 0 0 0 0 0 6 98 2 0 1 0 0 0 1 1 1 0 1 3 0 0 0 114 7 0 0 1 0 0 1 202 16 0 0 0 0 0 0 74 6 1 1 0 0 0 0 
0 0 92 96 0 0 0 1 11 6 57 45 0 0 8 25 134 43 10 2 0 0 8 60 96 12 0 0 0 0 0 8 8 0 6 6 2 25 42 14 95 1 1 0 1 3 38 134 72 1 0 0 0 0 76 134 38 0 0 0 0 0 3 42 15 1 1 2 103 111 64 13 134 38 0 0 25 14 3 38 121 19 1 0 0 0 11 43 1 1 1 0 0 0 2 5 4 4 48 65 122 17 3 1 134 97 8 11 34 3 0 0 71 116 76 0 0 0 0 0 5 37 23 0 0 0 0 0 
2 80 105 57 29 0 0 0 54 132 62 0 0 0 0 1 34 40 2 0 0 0 0 1 0 0 0 0 0 0 0 0 27 17 9 38 67 0 0 3 132 103 7 0 0 0 0 30 112 55 10 0 0 0 0 12 1 3 8 14 0 0 0 0 15 7 0 15 38 0 3 9 88 132 29 0 0 4 19 12 17 132 132 0 0 2 3 1 0 49 115 111 0 0 0 0 41 0 0 4 13 0 8 59 26 13 5 0 2 62 131 76 0 69 58 2 19 108 43 0 0 31 109 50 7 6 0 3 
0 4 53 48 3 43 14 0 0 35 47 5 2 122 51 0 0 43 18 0 0 122 64 0 0 107 46 0 0 44 19 0 0 12 99 122 1 3 4 1 20 122 103 7 0 10 4 0 78 107 10 0 0 83 46 4 5 8 3 0 0 122 80 2 0 1 5 20 28 40 56 31 100 29 4 1 23 21 4 18 122 26 0 0 0 2 2 41 17 0 2 19 5 39 17 4 2 2 3 35 109 18 19 25 112 0 0 10 44 3 0 40 122 0 0 7 2 0 0 56 6 0 3 99 31 0 0 2 
8 29 121 72 0 0 2 16 101 114 53 12 0 0 1 19 27 57 3 0 0 0 0 0 1 2 0 0 0 0 0 0 6 4 25 29 9 3 59 121 63 74 62 82 12 1 14 52 114 121 29 3 0 0 0 4 18 12 0 0 0 0 0 0 0 0 0 121 54 3 35 55 80 17 14 121 25 2 24 34 121 84 15 2 0 1 2 31 27 33 21 0 0 0 0 2 24 8 2 121 39 1 4 25 32 14 15 32 19 14 49 60 38 120 69 19 13 6 13 11 29 121 64 0 0 0 3 8 
3 56 41 10 5 45 45 15 0 119 95 3 2 23 13 0 0 113 79 0 0 2 3 0 0 33 23 0 0 0 0 0 7 12 42 119 16 30 19 14 114 66 44 26 7 44 49 18 13 91 71 28 15 88 48 6 6 119 83 1 1 11 9 6 35 7 8 87 27 32 26 14 119 19 8 74 30 14 5 23 42 22 41 119 46 20 10 21 38 67 22 5 2 7 32 35 16 1 2 9 35 119 59 12 76 7 5 61 42 38 32 36 46 11 2 53 30 7 62 85 33 23 5 32 26 9 43 22 
13 14 68 68 18 10 9 0 39 9 23 98 84 17 6 0 120 16 1 5 42 49 3 8 30 18 6 1 60 73 2 10 26 7 42 45 12 47 51 3 41 3 19 56 69 78 35 7 120 14 0 2 28 37 5 24 25 11 5 1 95 120 5 3 10 4 35 46 13 47 64 10 9 1 45 45 18 13 120 29 114 19 80 5 5 6 31 76 15 6 89 27 35 77 13 2 0 0 6 36 41 37 48 4 0 0 49 24 4 9 120 12 1 4 76 4 0 0 120 20 0 1 59 10 0 0 120 15 
22 106 5 4 102 36 0 0 34 32 6 3 121 60 1 15 69 33 44 1 1 1 33 121 15 9 11 1 21 39 49 82 61 121 5 4 42 18 7 4 73 24 3 2 121 100 20 24 121 25 0 0 3 9 21 99 35 3 0 0 5 28 22 29 43 25 0 0 3 55 121 82 28 8 0 0 11 60 121 102 91 4 0 0 0 10 97 121 24 1 0 0 0 1 1 13 0 0 0 0 0 16 80 25 0 0 0 0 0 0 48 31 0 0 0 0 0 0 23 13 0 0 0 0 0 0 0 2 
17 10 0 0 133 21 0 1 66 96 72 2 3 0 8 20 5 24 133 16 0 0 35 15 33 60 71 4 27 4 11 17 9 4 0 1 133 29 0 4 81 18 18 0 9 2 48 116 15 4 36 3 0 0 133 98 33 11 6 0 19 9 95 93 24 9 0 1 133 41 1 2 133 24 0 0 14 6 7 36 95 8 0 0 0 0 44 30 0 0 0 0 11 8 23 8 17 4 0 0 48 102 49 16 131 7 0 0 4 27 73 77 71 4 0 0 0 0 1 20 0 0 0 0 1 1 0 0 
38 6 14 65 87 2 4 4 121 69 41 34 24 1 11 8 62 13 0 0 0 0 29 9 0 0 0 0 0 0 11 6 36 14 23 84 131 0 0 3 131 44 8 18 46 0 0 21 83 33 52 0 0 0 0 7 0 11 26 0 0 0 0 0 5 18 70 69 17 4 24 0 58 122 68 13 6 3 18 1 12 98 131 0 0 1 8 3 54 104 103 0 0 0 1 12 0 0 4 2 0 32 131 0 0 5 12 3 0 37 131 0 5 11 32 2 0 18 131 31 72 19 8 0 0 0 26 108 
23 37 12 55 42 3 0 0 73 36 21 44 27 14 28 8 32 11 14 47 21 24 84 7 27 27 15 11 2 13 98 8 74 12 2 41 110 0 0 5 118 32 9 31 61 0 0 16 69 18 15 106 118 0 0 5 118 36 10 16 13 0 1 13 54 3 1 26 118 19 3 12 43 86 59 27 46 16 20 1 24 40 71 101 34 4 13 1 80 114 57 6 3 1 4 3 35 0 0 1 31 71 46 17 0 3 8 2 8 74 118 0 0 5 11 7 1 47 118 0 1 22 24 2 0 26 112 2 
1 2 119 31 0 1 12 22 1 1 119 46 0 1 9 9 28 61 119 18 2 2 7 1 38 42 13 3 89 16 0 0 4 0 43 12 9 65 79 12 46 1 31 6 6 30 69 101 76 23 10 1 34 86 64 18 119 29 0 0 69 26 1 1 9 0 0 0 111 110 40 5 119 12 0 0 46 42 13 45 67 7 0 0 119 96 12 14 119 15 0 0 29 41 7 21 1 0 23 21 54 54 10 2 53 4 55 15 16 32 28 50 20 6 69 28 46 51 10 16 58 38 17 3 3 16 12 35 
4 43 77 60 7 2 1 0 8 32 36 71 74 49 3 1 50 123 23 12 12 30 5 2 39 113 38 0 0 0 0 8 17 53 28 20 67 62 8 3 109 74 15 2 13 76 38 41 35 34 3 0 4 123 123 58 46 35 10 0 0 2 61 123 21 55 53 8 44 62 16 28 123 30 2 1 5 21 30 123 61 6 0 0 0 21 94 39 0 0 0 0 0 1 39 39 17 11 6 0 1 4 85 123 21 1 0 0 0 0 34 123 10 0 0 0 0 0 1 21 0 0 0 0 0 0 0 0 
0 36 77 41 43 2 0 0 22 125 46 5 3 0 0 0 7 15 1 0 0 0 0 0 0 0 0 0 0 0 0 0 14 17 23 125 77 1 0 9 125 125 33 31 7 0 0 30 52 45 94 40 0 0 0 1 0 54 40 3 0 0 0 0 17 1 5 59 46 40 64 62 94 29 74 64 27 4 8 83 23 64 125 120 14 1 2 31 17 125 92 11 7 1 1 6 2 0 1 12 63 55 60 27 6 2 9 54 68 33 22 32 13 5 9 30 72 13 29 125 23 59 20 19 63 5 5 20 
10 11 7 10 25 53 84 6 3 3 9 6 2 51 121 3 2 10 8 2 0 31 121 4 2 4 15 4 0 3 121 54 121 33 13 29 22 2 11 13 39 20 30 101 57 15 40 5 102 61 26 17 3 8 82 16 17 1 0 0 0 1 103 30 121 44 19 27 33 0 0 12 62 20 19 114 121 0 0 4 121 54 12 9 9 0 0 18 26 18 24 0 0 0 1 3 11 48 49 16 11 14 31 0 15 32 46 62 11 7 26 0 46 121 81 2 1 2 12 1 14 84 116 0 0 0 2 4 
0 0 0 2 1 0 0 0 0 4 18 21 2 1 0 0 1 17 17 3 13 33 6 1 3 0 0 27 63 30 21 15 0 0 0 21 16 0 0 0 15 30 44 120 67 0 0 0 104 112 39 37 6 2 1 1 6 10 23 68 77 28 3 0 0 0 0 78 68 0 0 0 76 9 5 120 120 0 0 25 120 23 5 74 39 0 0 46 34 21 38 120 63 1 0 13 1 0 0 118 104 0 0 1 97 0 0 78 68 0 0 95 83 0 0 105 88 0 0 66 75 2 1 70 57 0 0 57 
141 17 0 0 44 10 1 1 80 7 0 0 141 28 0 0 141 24 0 0 10 2 0 0 25 2 0 0 0 0 0 0 141 16 0 0 49 16 1 6 87 4 0 0 141 129 5 8 141 20 0 0 15 21 5 16 41 3 0 0 0 0 0 0 141 10 4 1 16 25 29 83 49 3 0 0 38 141 40 26 116 1 0 0 4 47 62 86 26 0 0 0 0 0 0 8 61 90 52 3 0 3 8 17 31 36 23 7 1 11 10 4 2 20 11 1 0 5 20 15 1 1 1 0 0 0 0 3 
0 13 16 6 4 29 13 1 0 2 1 11 116 65 14 2 1 15 11 7 59 72 90 2 0 12 33 15 1 25 94 0 34 96 40 38 19 1 0 0 16 32 24 116 80 21 4 0 83 42 20 27 13 33 93 16 10 8 15 36 11 42 116 5 116 35 4 28 56 0 0 6 70 15 6 80 116 0 0 5 116 25 6 32 41 0 0 22 42 18 18 96 93 1 0 3 115 0 0 12 52 1 0 23 37 18 3 41 116 4 0 4 74 81 58 39 20 1 1 3 36 21 25 74 47 0 0 2 
27 1 14 4 3 22 59 68 75 25 4 1 25 70 43 9 116 34 0 0 71 36 0 1 100 27 0 0 56 35 1 1 116 17 0 0 29 31 12 34 61 11 0 0 116 113 11 10 116 28 0 0 31 55 8 23 63 6 0 0 28 111 36 24 84 7 33 10 13 27 24 57 25 5 61 34 68 91 18 19 108 55 25 5 5 25 22 63 21 18 8 0 0 39 47 19 2 2 116 49 1 3 6 8 2 10 116 56 2 4 17 6 82 116 54 7 0 3 5 2 31 45 38 16 8 1 1 0 
15 19 18 49 65 41 11 0 120 113 11 9 12 2 0 0 29 31 105 61 11 1 0 0 4 2 43 118 91 1 0 0 24 2 13 51 57 79 21 2 120 22 6 10 16 16 5 13 35 8 59 54 23 81 60 6 8 1 28 62 45 84 36 1 12 0 25 63 51 32 65 16 120 16 12 12 15 14 45 80 23 9 100 67 10 53 47 5 4 0 42 70 43 34 58 7 19 9 14 9 2 9 104 27 17 1 0 7 15 19 90 93 1 0 13 52 31 69 63 4 0 0 51 17 2 14 79 5 
0 3 81 37 0 0 0 0 5 50 79 7 0 0 0 0 5 15 6 0 0 0 0 0 1 3 2 0 0 0 0 0 11 27 152 145 0 0 0 0 152 152 121 15 0 0 0 4 93 34 1 0 0 1 1 1 5 1 0 0 0 1 1 1 61 8 51 28 0 0 0 23 152 25 6 1 0 0 0 117 125 4 0 0 0 0 0 23 2 0 0 0 0 0 1 2 75 0 0 0 0 0 1 115 152 0 0 0 0 0 0 152 36 0 0 0 0 0 0 23 1 0 0 0 0 0 1 1 
39 1 0 1 18 1 0 0 141 10 1 1 0 0 0 0 44 3 35 19 1 12 13 1 0 0 75 5 0 4 46 1 44 1 0 5 8 0 4 2 141 12 1 8 15 0 0 4 42 4 78 120 115 6 1 0 0 0 141 34 10 2 6 0 15 0 0 0 0 0 141 30 141 1 0 1 18 8 64 113 25 0 2 11 141 114 64 10 0 0 13 5 13 26 141 4 4 12 20 0 0 0 112 9 6 3 0 0 0 3 54 42 1 0 2 6 2 34 49 5 0 0 24 21 0 5 101 2 
0 0 7 39 119 9 0 0 107 13 0 1 6 0 0 0 146 37 4 16 11 0 0 0 8 3 88 85 30 0 1 0 0 0 17 41 14 0 51 6 90 7 0 1 1 0 64 33 146 24 0 7 50 11 9 43 11 1 19 45 146 70 33 2 0 0 4 1 0 0 146 35 10 1 4 0 0 0 146 83 63 1 0 0 8 16 83 133 4 0 0 1 23 85 106 8 4 8 113 15 0 0 38 8 22 35 49 1 0 0 32 19 10 7 1 1 0 0 11 10 0 0 6 44 4 2 7 1 
2 4 42 3 61 43 7 2 6 3 22 2 46 91 146 22 93 4 4 0 0 3 74 123 23 0 0 0 18 26 0 12 0 33 146 2 2 5 2 0 14 83 146 1 1 10 35 2 95 125 55 0 0 0 20 21 14 7 5 1 0 4 0 3 0 6 47 0 0 7 16 0 102 31 56 0 0 2 1 8 146 37 7 4 4 0 0 26 22 21 26 35 17 0 0 1 0 0 0 0 41 89 80 0 115 0 0 0 21 19 2 14 146 0 0 3 19 0 0 32 10 24 12 37 105 0 0 1 
0 0 10 33 121 61 26 0 97 10 0 4 41 9 0 0 137 33 7 9 1 4 2 1 9 3 72 36 2 12 32 1 0 0 71 98 45 2 31 3 87 6 1 15 20 1 43 25 137 27 4 23 37 11 7 33 6 3 78 89 77 39 28 2 0 0 13 5 0 1 137 26 13 3 6 1 0 0 137 79 59 1 0 0 12 27 86 129 2 0 2 6 24 82 137 7 6 8 108 25 0 0 42 9 34 36 45 1 0 0 35 29 15 6 0 8 5 1 15 16 0 0 18 89 16 5 12 1 
23 7 42 4 35 7 7 35 4 2 19 7 124 92 52 13 112 2 2 0 7 15 56 119 35 0 0 0 49 59 2 19 0 38 139 2 2 1 1 1 9 72 139 4 5 23 23 3 98 120 50 0 0 3 26 36 20 10 7 1 3 20 3 6 0 6 40 0 1 27 82 8 73 30 54 0 3 25 12 8 139 42 9 7 6 0 0 27 27 36 36 32 14 0 0 1 16 0 0 2 59 72 93 30 80 0 0 3 91 54 9 13 139 0 0 4 30 1 0 36 10 33 15 33 100 2 0 2 
2 6 67 23 87 23 8 10 24 11 23 7 78 27 20 82 42 0 2 5 83 33 13 79 59 0 0 5 51 28 12 56 1 36 114 14 7 32 26 10 19 100 114 7 15 16 24 17 114 72 30 4 15 24 17 66 25 14 2 0 6 48 56 56 12 2 4 0 60 76 54 76 50 16 12 2 63 79 67 72 114 52 27 12 20 12 4 49 7 114 49 8 7 2 6 4 6 0 0 0 25 52 69 41 23 0 0 2 86 68 46 66 42 2 5 7 50 67 22 76 4 77 34 7 31 64 10 2 
49 3 0 0 6 49 1 3 176 12 0 0 0 0 0 3 106 4 0 0 0 0 0 1 4 0 0 0 0 0 0 0 45 0 0 0 48 176 4 6 176 3 0 0 2 16 3 11 140 3 0 0 0 0 0 4 5 0 0 0 0 0 0 0 11 0 0 0 83 176 8 7 176 2 0 0 14 77 17 52 132 5 1 0 0 0 0 5 3 2 1 0 0 0 0 0 0 0 0 0 32 99 8 1 83 0 0 0 9 73 42 71 56 1 0 0 0 0 1 20 3 1 0 0 0 0 0 1 
0 0 52 49 19 31 3 0 1 57 118 29 16 30 3 0 31 118 55 1 2 1 0 0 6 12 11 33 10 0 0 0 0 0 3 43 85 65 7 0 20 22 28 109 101 77 5 1 118 118 35 22 20 6 0 6 20 27 77 118 38 6 0 0 0 0 8 83 106 35 2 0 26 0 13 84 105 73 26 17 118 14 18 19 23 26 19 57 12 4 40 73 53 64 5 5 1 1 9 65 59 53 7 1 27 7 12 27 15 37 91 52 22 3 6 15 32 50 78 59 3 2 17 33 24 46 32 9 
0 9 35 33 51 13 0 0 15 108 50 28 79 20 0 0 50 124 7 0 2 0 0 0 3 3 0 0 0 0 0 0 1 85 80 57 77 11 0 0 44 89 60 75 122 26 0 9 124 119 2 9 12 1 0 24 25 8 0 0 0 0 0 1 1 30 59 74 65 8 24 32 30 18 55 44 10 0 45 124 124 8 1 4 1 0 5 124 16 1 2 0 0 0 0 8 6 14 11 10 13 25 76 94 17 63 22 17 39 9 44 107 27 106 50 15 2 0 1 40 4 26 71 21 0 0 0 1 
0 17 90 22 10 7 1 0 0 82 102 4 1 1 0 0 0 41 13 0 0 0 0 0 0 1 0 0 0 0 0 0 0 7 56 43 41 117 13 0 14 123 105 20 50 88 9 0 106 123 21 1 4 1 0 1 15 10 1 2 0 0 0 0 0 8 93 72 60 72 4 0 65 17 64 104 76 40 2 26 123 58 18 8 7 0 0 59 30 18 33 50 9 0 0 2 0 12 69 42 43 63 10 1 79 1 9 35 47 19 5 99 83 23 53 19 20 37 5 68 2 28 123 73 17 23 2 1 
0 0 1 185 22 0 0 0 89 3 4 66 3 0 0 9 185 1 0 1 0 0 0 40 58 2 0 0 0 0 1 10 1 0 1 90 11 0 0 0 143 5 0 3 1 0 0 7 185 9 0 0 0 0 0 14 68 3 0 0 0 0 0 6 1 2 2 8 1 0 0 0 134 12 1 1 0 0 0 0 185 32 0 0 0 0 0 0 72 8 0 0 0 0 0 2 2 1 0 1 0 0 1 1 80 13 0 1 1 0 1 2 185 63 0 0 0 0 0 0 69 17 0 0 0 0 0 0 
0 0 14 40 4 3 120 98 37 35 41 22 1 0 59 95 56 18 1 3 23 10 8 46 0 0 0 38 80 54 51 9 7 5 21 135 68 2 18 8 135 42 45 51 2 0 0 20 135 7 0 0 2 9 3 28 1 0 0 0 4 31 50 7 20 5 1 58 135 10 0 1 135 38 1 6 7 1 0 9 135 16 0 0 0 0 0 4 1 0 0 0 0 0 1 0 6 0 0 0 113 83 31 19 135 6 0 0 3 6 29 135 92 3 0 0 0 0 0 34 1 0 0 0 0 0 0 0 
0 13 6 0 0 15 22 0 53 130 5 0 0 3 3 0 93 95 0 5 48 0 0 0 10 2 2 25 138 0 0 0 0 0 0 0 0 135 127 0 70 17 0 0 0 127 55 8 138 41 0 6 63 5 5 10 21 3 0 21 138 0 0 0 0 0 0 0 0 57 28 0 15 0 0 0 2 138 49 14 107 1 0 4 75 33 31 54 9 3 0 17 138 4 1 1 0 0 3 4 1 1 0 0 0 5 11 2 2 30 11 2 3 2 0 1 52 28 23 14 0 0 1 4 132 79 40 1 
0 0 12 85 17 1 29 88 4 0 4 7 3 0 73 137 29 14 15 5 0 0 22 137 8 6 1 6 23 4 5 11 0 0 1 28 3 0 77 137 6 5 45 137 2 0 35 107 113 48 60 43 0 0 2 18 33 8 0 0 8 11 1 6 0 0 0 131 63 0 15 39 46 12 19 137 28 0 0 1 137 29 9 11 0 0 0 12 38 3 0 0 0 0 0 4 0 0 0 51 137 4 0 0 29 12 0 27 44 1 0 0 137 85 0 0 0 0 0 0 37 23 0 0 0 0 0 0 
0 0 44 126 14 2 30 48 5 1 5 24 16 2 94 128 45 14 7 1 0 1 39 128 9 3 0 19 34 8 28 26 0 0 4 34 7 3 122 128 9 8 50 128 5 1 60 99 112 49 48 23 0 0 7 30 26 5 0 3 24 26 8 6 0 0 0 99 94 1 24 17 61 14 19 128 48 0 1 1 128 28 8 6 0 0 0 16 28 2 0 0 0 2 2 4 0 0 0 19 128 15 0 0 41 14 0 14 75 9 0 1 128 62 0 0 0 0 0 2 32 10 0 0 0 0 0 0 
0 0 0 0 0 1 0 0 19 0 0 0 0 1 1 16 145 0 0 0 0 0 0 176 39 0 0 0 0 0 7 176 0 0 1 0 0 0 0 0 100 3 0 0 0 0 1 19 176 2 0 0 0 0 0 128 70 1 0 0 0 0 1 34 1 1 1 0 0 0 0 1 112 16 0 0 0 0 0 1 176 65 0 0 0 0 0 4 74 14 0 0 0 1 1 1 0 0 0 0 1 0 0 1 41 18 0 1 1 0 0 0 176 135 0 0 0 0 0 0 82 44 0 0 0 0 0 0 
9 26 18 68 41 0 0 0 59 77 64 45 18 0 0 2 26 37 51 44 7 0 0 1 8 43 44 14 6 0 0 0 44 19 3 54 118 0 1 5 118 35 9 35 66 0 0 18 71 23 27 118 114 0 0 5 118 56 22 30 27 0 0 5 11 4 1 30 118 22 10 9 54 95 61 30 50 13 15 1 28 43 73 112 41 3 10 1 78 83 59 36 11 0 3 3 2 6 6 23 81 61 19 1 8 10 11 4 12 58 118 6 1 7 14 9 1 43 118 1 1 16 22 4 0 10 118 13 
2 1 117 59 4 11 8 6 3 2 117 54 3 3 11 10 45 80 100 21 2 6 12 5 56 72 23 9 4 1 2 1 7 0 39 19 8 55 64 30 56 2 25 6 7 33 72 108 83 25 7 1 40 96 64 19 117 39 6 8 31 21 1 2 43 3 0 0 85 105 31 28 117 12 0 0 42 50 19 56 66 7 0 0 117 113 15 18 117 20 0 0 16 33 12 30 48 5 0 0 21 52 29 15 31 0 0 0 8 33 72 75 11 0 0 0 23 81 53 27 31 0 0 0 1 13 45 62 
46 39 31 31 8 0 0 3 17 57 68 27 6 0 0 0 8 22 18 60 45 2 0 1 45 37 14 13 8 2 1 12 74 22 23 86 69 0 0 8 118 60 27 56 42 0 0 10 64 23 16 113 118 0 0 5 118 40 10 18 16 0 0 17 11 34 68 59 12 12 36 0 66 97 69 39 8 4 25 4 59 17 66 112 36 0 10 61 118 0 0 5 4 0 0 93 4 5 9 12 3 44 118 2 5 12 12 1 0 24 118 13 14 1 9 3 0 1 118 118 28 0 0 0 0 0 4 80 
0 0 12 99 31 0 0 0 0 0 114 119 11 4 10 5 2 1 119 59 1 9 16 14 4 6 88 27 1 10 34 23 4 0 1 61 119 9 1 5 54 1 10 45 54 25 61 110 46 2 6 3 46 109 67 49 92 6 1 0 30 49 48 64 10 1 0 0 119 68 2 3 119 26 0 0 55 44 11 43 64 7 0 0 92 119 42 28 100 6 0 0 29 43 30 60 1 0 0 0 42 73 8 1 69 11 1 2 18 51 34 47 39 7 0 0 2 27 39 20 2 0 0 0 0 9 32 27 
0 0 0 3 1 0 0 0 0 3 30 30 1 0 0 0 2 29 35 5 0 0 0 0 1 4 0 0 0 0 0 0 0 0 5 17 24 0 0 0 11 24 68 128 128 2 0 2 128 128 75 35 12 1 0 7 33 15 0 0 0 0 0 0 2 45 120 36 29 0 0 0 22 19 26 85 128 29 6 17 128 116 18 12 24 11 5 45 56 48 0 0 0 0 0 0 19 103 79 30 6 1 0 2 13 41 61 128 68 12 1 2 128 128 35 19 6 2 0 3 101 65 2 0 0 0 0 0 
0 0 0 0 104 110 5 0 16 5 0 1 104 126 46 41 78 15 1 1 6 42 55 126 3 1 0 0 7 87 109 40 0 0 0 0 53 80 2 0 29 16 6 29 126 126 27 14 126 47 5 11 19 15 24 60 31 0 0 0 0 20 95 38 0 0 0 0 29 18 0 0 12 1 0 4 126 126 69 31 126 4 0 1 10 27 68 126 27 0 0 0 0 0 1 15 0 0 0 0 1 3 0 0 0 0 0 0 2 30 32 5 1 0 0 0 0 3 31 31 1 0 0 0 0 0 0 3 
13 61 59 17 1 0 0 0 7 25 28 6 0 0 0 0 0 12 22 5 5 0 0 0 1 3 9 33 40 2 0 1 117 56 26 35 27 0 0 18 50 41 87 117 46 0 0 3 75 117 74 33 15 0 0 2 13 25 29 104 62 2 0 1 117 63 31 38 32 0 0 16 72 28 31 117 117 0 0 6 117 61 23 48 36 0 0 19 49 12 13 116 117 0 0 8 7 48 53 16 9 24 50 0 17 39 51 59 7 14 40 1 39 90 97 39 4 2 22 5 54 3 35 71 17 0 5 67 
5 0 36 71 16 9 45 49 15 0 38 17 7 59 59 36 48 2 16 5 7 35 81 100 72 24 3 0 27 66 36 7 118 11 0 2 33 28 32 93 57 5 0 0 118 118 41 30 118 19 0 0 43 49 18 57 55 9 0 0 118 108 13 12 118 25 0 0 21 38 18 39 55 6 0 0 52 118 74 27 65 2 0 0 10 41 88 118 12 0 0 0 29 105 70 29 42 13 2 3 15 29 25 36 44 12 0 0 0 6 20 14 1 0 0 0 0 2 24 12 0 0 0 0 0 6 15 2 
0 17 28 5 3 0 0 0 1 5 13 47 57 4 1 2 54 35 21 15 13 3 2 20 20 5 0 0 0 0 0 4 87 103 64 35 15 0 0 4 27 39 39 129 105 2 0 2 129 112 34 27 10 1 1 13 34 7 0 0 0 0 0 3 129 62 29 45 27 0 0 14 75 15 24 129 129 0 0 14 129 26 4 16 16 0 0 62 44 1 0 0 0 0 0 7 20 69 73 23 1 5 45 5 65 7 53 76 12 0 22 120 129 0 0 2 1 0 0 129 12 0 0 0 0 0 0 6 
0 0 0 11 67 1 0 0 14 0 1 79 137 7 2 19 54 0 6 24 32 34 80 129 31 1 3 1 45 90 49 34 0 0 0 0 80 15 0 0 55 2 0 1 137 97 5 13 137 19 0 0 51 43 13 60 52 2 0 0 122 128 39 28 0 0 0 0 23 17 0 0 11 1 0 2 108 137 37 16 137 15 1 2 12 44 44 95 25 2 0 0 8 57 73 25 0 0 0 0 4 2 0 0 1 1 1 4 61 43 10 2 52 17 2 4 17 18 23 36 23 3 0 0 0 0 3 8 
0 25 9 2 0 0 0 0 0 3 24 16 0 0 0 0 0 16 25 2 0 0 0 0 0 3 3 0 0 0 0 0 33 127 16 13 8 0 0 0 12 35 76 127 74 0 0 0 88 127 84 36 7 0 0 2 10 33 79 46 4 0 0 0 127 76 2 12 22 17 15 16 71 22 8 99 127 0 0 5 127 43 12 49 56 0 0 22 61 34 43 117 95 0 0 2 26 1 0 5 40 51 43 29 26 22 4 46 127 16 4 5 65 97 81 50 25 4 7 2 42 36 36 80 40 1 3 1 
29 1 31 5 4 23 58 79 82 24 15 2 28 83 63 18 128 46 10 13 34 15 1 2 2 44 82 21 46 23 0 0 128 5 0 0 41 41 18 61 86 7 0 0 128 122 18 19 128 25 0 0 35 50 9 30 15 2 9 3 42 128 31 5 53 1 0 0 14 40 81 99 23 0 0 0 67 128 82 43 100 1 0 0 5 30 79 128 13 0 0 0 0 70 43 15 1 0 0 0 0 3 22 9 0 0 0 0 0 14 27 4 0 0 0 0 0 2 25 16 0 0 0 0 0 1 2 2 
54 2 0 0 0 0 0 0 172 10 0 0 0 0 0 0 116 4 0 0 0 0 0 0 1 2 0 0 0 0 0 0 63 1 0 0 0 0 3 2 172 10 0 0 0 0 0 2 154 5 0 0 0 0 0 0 3 0 0 0 0 0 0 0 27 0 0 0 0 0 172 38 172 2 0 0 0 0 45 144 125 3 0 0 0 0 0 21 3 0 0 0 0 0 0 1 0 0 0 0 0 0 172 21 24 0 0 0 0 0 104 126 19 0 0 0 0 0 2 27 0 0 0 0 0 0 1 1 
0 2 106 18 0 0 10 2 4 46 75 5 0 0 1 2 2 11 26 29 1 0 0 0 0 16 60 13 0 0 0 0 12 24 133 43 0 0 2 4 133 133 108 9 3 1 0 11 44 24 26 105 75 14 1 2 21 55 84 45 15 7 5 9 16 5 26 3 0 0 133 96 133 13 3 0 2 3 54 133 43 1 0 7 58 108 33 27 16 3 1 3 11 45 101 56 0 0 0 0 0 0 133 58 4 0 0 0 0 0 62 88 1 0 0 0 0 18 20 11 0 0 0 0 0 8 46 10 
4 77 86 83 22 0 0 0 136 36 36 81 33 1 0 45 128 16 2 0 0 0 0 27 2 0 0 0 0 0 0 0 46 45 66 73 51 22 5 14 140 56 30 23 7 2 0 28 140 14 0 0 0 0 0 13 2 1 0 0 0 0 0 0 27 2 0 3 53 140 85 59 140 26 0 1 6 37 78 98 126 47 0 0 0 0 3 31 4 2 0 0 0 0 0 1 0 0 0 0 1 85 78 12 13 1 0 0 0 23 140 69 18 1 0 0 0 0 18 47 2 0 0 0 0 0 0 2 
0 3 0 2 0 0 0 0 0 1 18 12 0 0 0 0 0 12 18 1 0 0 0 0 0 2 0 0 0 0 0 0 21 25 10 35 10 0 0 1 5 20 93 137 56 6 2 3 74 137 88 19 3 2 2 14 20 17 0 0 0 0 0 1 28 34 133 137 16 0 0 11 67 92 99 74 71 32 51 41 107 28 8 5 5 8 52 137 25 3 0 0 0 0 0 17 54 32 52 137 20 0 0 70 137 85 30 13 0 0 6 137 44 1 0 0 0 0 10 56 0 0 0 0 0 0 0 3 
0 0 0 3 14 1 0 0 0 0 1 25 119 119 14 0 105 1 1 8 101 119 119 119 119 0 0 17 85 23 7 119 0 0 0 15 31 3 0 0 7 13 25 119 119 57 15 6 119 48 23 23 12 35 71 113 36 1 0 0 18 47 14 56 0 0 0 1 22 17 0 0 4 2 2 13 71 119 88 22 73 8 2 2 3 17 79 119 19 0 0 0 0 1 1 16 0 0 0 0 0 2 0 0 0 0 0 0 0 12 20 1 0 0 0 0 0 1 17 11 0 0 0 0 0 0 0 2 
3 1 0 0 119 121 27 1 121 55 1 1 21 121 121 119 121 44 1 0 4 33 24 50 3 1 0 0 1 28 98 33 0 0 0 1 41 101 19 0 21 32 27 47 109 99 87 48 121 121 21 8 4 4 8 44 23 10 0 0 0 0 2 2 0 0 0 0 26 21 0 0 6 3 2 9 72 121 88 25 77 14 2 2 3 14 72 121 17 1 0 0 0 0 0 11 0 0 0 0 0 2 0 0 0 0 0 0 0 12 21 2 0 0 0 0 0 1 18 13 0 0 0 0 0 0 0 2 
30 126 126 0 0 15 27 5 35 118 31 0 0 4 38 34 2 21 17 0 0 0 1 10 0 2 0 0 0 0 0 0 96 110 28 0 2 45 126 126 94 111 105 37 31 30 24 62 84 126 70 6 2 3 4 18 18 12 0 0 0 0 0 1 1 0 0 0 3 49 126 37 8 5 6 10 32 126 121 41 88 21 4 2 2 13 72 126 19 1 0 0 0 0 0 12 0 0 0 0 0 4 3 0 0 0 0 0 0 17 28 3 0 0 0 0 0 1 21 17 0 0 0 0 0 0 0 2 
4 9 35 12 3 10 21 7 18 44 35 2 7 71 34 4 45 130 16 0 16 50 5 1 64 107 0 0 0 0 0 0 21 24 31 20 23 10 4 4 130 29 9 12 34 41 9 32 112 48 1 8 130 97 4 12 130 67 0 0 4 1 0 5 21 7 12 7 27 28 56 54 90 45 18 33 27 24 55 23 93 14 14 81 113 9 1 62 130 2 0 0 4 1 0 79 29 45 26 7 6 9 27 22 5 10 27 51 36 19 41 36 30 0 1 20 16 2 26 130 51 0 0 0 0 0 0 102 
0 0 1 95 40 0 0 0 7 1 38 129 25 0 2 18 31 15 57 45 2 5 24 52 4 11 40 17 25 45 28 10 4 0 0 99 129 0 0 0 105 4 1 84 88 11 16 89 29 32 45 23 82 36 22 43 25 29 64 59 23 8 8 5 5 1 0 12 129 52 0 0 129 76 3 20 108 32 1 12 32 27 8 55 129 20 10 14 30 10 11 7 19 24 30 16 0 0 0 0 83 113 0 0 25 59 5 2 51 129 9 0 9 65 22 7 23 33 25 3 6 7 12 8 8 12 31 7 
121
68.0321 192.473 16.8909 186.119 0.12009
68.0321 192.473 16.8909 356.242 0.12009
75.7251 113.848 28.2667 2.86639 0.114603
75.7251 113.848 28.2667 137.659 0.114603
112.128 185.925 2.20437 330.266 0.047597
130.566 186.487 24.5823 311.123 0.104094
158.485 118.266 13.6631 183.832 0.10337
176.39 134.292 16.0596 4.14258 0.0894859
178.469 164.287 19.602 357.787 0.0743287
180.076 192.453 16.3679 299.169 0.093819
195.319 146.669 12.7092 99.356 0.116875
195.319 146.669 12.7092 262.244 0.116875
196.902 180.623 13.4711 101.167 0.114619
196.902 180.623 13.4711 259.491 0.114619
209.444 163.325 11.9942 101.088 0.119057
209.444 163.325 11.9942 257.929 0.119057
213.967 198.114 12.2806 97.0558 0.116102
213.967 198.114 12.2806 259.07 0.116102
214.125 130.155 11.7738 262.889 0.115948
220.901 163.245 4.53822 179.81 0.0469885
222.203 147.773 14.9717 349.665 0.0798188
229.563 132.402 8.60873 23.6994 0.0705614
229.578 196.381 7.64603 1.5166 0.0685111
229.578 196.381 7.64603 186 0.0685111
231.877 175.732 20.7908 312.623 0.0755956
233.183 119.591 15.4057 269.789 0.0938215
245.033 197.334 12.5291 87.1613 0.11644
245.033 197.334 12.5291 282.405 0.11644
256.543 135.964 2.2484 242.199 0.039452
263.394 183.083 12.0334 83.8105 0.112542
263.394 183.083 12.0334 298.023 0.112542
263.995 144.03 12.1683 116.743 0.111923
263.995 144.03 12.1683 263.065 0.111923
266.263 174.526 1.81696 290.53 0.0514287
266.43 177.08 2.18101 292.543 0.0516952
278.443 169.685 16.6742 122.215 0.0856724
281.636 130.096 11.6419 266.066 0.116681
291.915 151.023 19.1664 15.0449 0.0913862
291.915 151.023 19.1664 122.335 0.0913862
313.66 130.36 2.0541 40.352 0.0509878
338.751 181.177 13.0809 103.524 0.0782678
338.751 181.177 13.0809 166.284 0.0782678
338.893 146.293 13.4781 192.62 0.0780369
339.971 148.403 15.3828 191.919 0.0775946
340.117 178.941 15.3142 167.955 0.0781688
351.89 198.481 12.3354 98.8446 0.111624
351.89 198.481 12.3354 260.196 0.111624
353.441 162.967 29.6338 17.3443 0.0939362
354.231 129.213 11.4686 260.335 0.114942
366.743 182.471 12.8361 18.2943 0.0625605
367.163 196.687 6.30462 8.24902 0.0809414
378.829 124.222 20.1232 22.0236 0.0850621
381.001 196.858 12.6985 227.491 0.104154
392.397 125.702 2.35769 30.1822 0.0468655
398.157 160.6 2.02757 199.523 0.0518206
399.585 155.854 2.20282 199.719 0.0526226
406.167 199.966 16.8159 303.252 0.0735189
406.244 166.14 12.7678 195.131 0.130823
406.244 166.14 12.7678 344.538 0.130823
406.262 182.903 9.80408 270.03 0.080419
407.881 168.849 44.6666 272.04 0.0632054
409.047 136.455 20.7056 23.2245 0.0907142
409.047 136.455 20.7056 152.935 0.0907142
412.55 155.662 1.80539 339.989 0.0499834
415.915 194.57 8.01861 277.483 0.0777846
415.915 194.57 8.01861 332.261 0.0777846
417.06 128.85 10.0618 148.597 0.0742807
433.607 195.015 15.0359 303.58 0.100822
440.504 127.884 22.7196 153.511 0.0951208
467.083 135.276 16.9739 4.67242 0.0933792
468.03 194.728 15.0522 195.371 0.111269
484.783 178.379 10.9943 185.834 0.0837407
484.783 178.379 10.9943 263.816 0.0837407
486.834 146.687 12.6895 98.6318 0.117501
486.834 146.687 12.6895 261.683 0.117501
502.084 189.407 26.9278 219.086 0.066872
502.084 189.407 26.9278 325.998 0.066872
502.404 163.366 12.1279 261.364 0.117328
503.213 99.2433 10.6664 93.7699 0.108457
503.213 99.2433 10.6664 246.133 0.108457
505.312 130.04 11.8921 100.967 0.11503
505.312 130.04 11.8921 261.277 0.11503
514.543 147.547 15.0581 0.383362 0.090511
516.128 96.6534 2.0879 198.901 0.0347531
520.042 131.219 7.12111 1.27838 0.0821574
529.318 126.494 6.98482 4.7612 0.0831343
529.318 126.494 6.98482 85.2344 0.0831343
530.589 127.657 8.60496 4.19385 0.0820621
530.589 127.657 8.60496 84.3565 0.0820621
537.669 133.961 16.8772 77.0595 0.0924754
538.062 109.969 2.06719 270.36 0.0345065
538.59 164.95 21.3623 353.693 0.0778243
539.663 191.494 17.0783 298.466 0.0955137
539.663 191.494 17.0783 335.709 0.0955137
543.697 101.856 1.91227 47.1985 0.035205
545.22 85.5564 11.662 23.2629 0.0434559
547.71 103.378 8.83906 34.3894 0.0730608
547.71 103.378 8.83906 267.237 0.0730608
550.793 101.77 10.7231 28.843 0.0728682
553.01 191.03 2.17621 110.894 0.0426198
555.924 146.672 12.6995 99.8138 0.117015
555.924 146.672 12.6995 261.54 0.117015
557.462 180.634 13.4542 100.924 0.114114
557.462 180.634 13.4542 259.867 0.114114
569.388 78.3943 24.1096 25.956 0.099921
569.388 78.3943 24.1096 199.792 0.099921
569.962 163.336 12.1543 101.235 0.118886
569.962 163.336 12.1543 258.848 0.118886
574.433 198.14 12.4449 96.9015 0.115596
574.433 198.14 12.4449 259.285 0.115596
574.728 129.987 12.5433 97.1866 0.119493
574.728 129.987 12.5433 261.802 0.119493
580.38 120.95 1.96747 90.9078 0.0451228
588.412 196.629 6.19951 181.129 0.0578245
595.366 161.122 31.1944 178.797 0.030896
601.287 196.448 9.79608 72.8705 0.0818488
601.287 196.448 9.79608 107.987 0.0818488
601.287 196.448 9.79608 152.54 0.0818488
601.287 196.448 9.79608 227.74 0.0818488
604.524 197.851 1.9483 11.3191 0.100775
604.524 197.851 1.9483 198.613 0.100775
0 0 0 0 0 1 2 2 0 0 0 0 0 2 23 14 0 0 0 0 1 14 22 2 0 0 0 0 0 1 0 0 17 0 0 0 4 95 23 10 114 2 0 0 7 30 80 129 9 0 0 0 105 146 75 22 0 0 0 0 21 11 0 0 20 2 3 1 55 146 11 4 146 23 0 0 34 61 11 30 53 5 0 0 146 80 6 5 0 0 0 0 60 11 0 0 7 61 18 7 34 132 3 1 134 9 0 0 24 116 28 35 48 3 0 0 146 46 1 8 0 0 0 0 70 11 0 0 
27 0 0 0 0 0 0 2 144 1 0 4 14 0 0 26 74 56 21 62 116 0 0 5 52 106 8 7 30 56 5 2 44 1 0 0 0 0 0 3 144 23 6 10 30 0 0 23 65 39 10 75 144 0 0 3 131 144 4 10 22 6 4 1 22 8 0 0 0 0 0 0 117 127 78 25 7 0 0 1 11 28 77 143 101 0 0 0 41 144 13 11 13 0 0 0 0 2 0 0 0 0 0 0 1 14 23 2 0 0 0 0 0 2 22 14 0 0 0 0 0 12 5 1 0 0 0 0 
0 0 0 0 0 0 0 1 0 0 0 0 0 2 19 10 0 0 0 0 0 8 19 6 0 0 0 0 0 0 36 14 22 0 0 0 0 0 0 11 123 2 0 0 1 35 109 138 26 1 0 0 16 138 127 69 45 0 0 4 8 17 126 127 53 3 0 0 0 0 0 2 138 48 15 8 5 14 11 35 58 41 42 19 52 138 39 30 64 4 0 5 34 48 38 61 31 4 0 0 0 0 0 0 138 59 16 26 19 0 0 0 42 138 53 62 38 5 8 3 23 83 47 39 41 17 17 8 
11 71 41 25 1 1 10 22 50 46 53 52 12 3 5 39 17 18 7 40 138 45 43 32 0 0 0 44 67 55 72 29 14 127 120 31 0 0 2 3 138 70 79 57 5 8 4 44 54 13 13 138 68 56 32 33 0 0 0 138 47 5 10 8 12 18 11 0 0 0 0 0 118 138 90 31 1 0 0 3 14 35 102 138 16 1 0 1 0 0 0 74 5 0 0 0 0 1 0 0 0 0 0 0 0 14 17 2 0 0 0 0 0 2 17 14 0 0 0 0 0 0 0 1 0 0 0 0 
34 0 0 0 0 0 0 5 203 0 0 0 0 0 0 13 143 2 0 1 0 0 0 5 0 0 0 0 0 0 0 0 46 2 0 0 0 0 1 4 203 1 0 0 0 0 0 14 169 1 0 0 0 0 1 11 0 0 0 0 0 1 1 0 52 1 0 1 0 1 1 3 203 0 0 0 0 0 0 16 159 2 1 0 0 1 1 8 0 1 1 1 1 1 1 0 45 1 1 0 0 0 0 1 203 3 0 0 0 0 0 7 120 3 0 0 1 1 0 3 1 1 0 0 2 1 1 1 
62 33 33 11 0 0 2 114 68 45 73 33 1 1 3 86 36 28 9 48 103 30 21 24 0 0 5 18 49 37 98 55 41 69 69 7 0 0 0 2 123 66 55 16 1 3 3 70 61 15 22 62 39 57 25 47 1 0 10 45 16 17 49 38 20 19 2 0 0 0 0 0 123 123 62 4 0 0 0 3 108 116 104 54 5 0 1 31 19 5 28 84 15 4 19 48 0 2 0 0 0 0 0 0 18 55 8 0 0 0 0 0 107 123 21 12 2 0 0 1 15 34 46 81 22 2 2 4 
48 45 21 1 14 1 11 28 40 7 0 3 125 13 0 2 125 15 0 3 59 3 0 0 14 46 9 16 103 4 0 0 18 5 105 19 5 0 26 37 33 4 45 87 104 4 13 9 125 15 0 8 61 5 4 19 15 16 1 3 125 15 0 1 0 0 86 10 0 0 122 11 7 1 72 27 3 2 125 36 62 4 69 22 27 2 34 76 5 1 16 45 125 8 0 2 0 0 125 14 0 0 15 1 0 0 125 17 0 0 11 2 1 1 125 29 1 0 2 2 0 0 44 54 17 0 0 0 
35 1 4 20 12 3 108 63 1 1 60 28 6 3 113 15 0 0 76 7 0 0 113 15 0 0 68 14 2 5 90 8 110 8 4 30 103 6 2 9 60 3 41 33 58 6 34 90 8 1 49 37 19 10 113 35 3 2 58 49 18 39 47 3 82 2 0 0 113 19 6 19 113 13 0 1 82 14 3 21 40 3 16 55 80 84 29 8 10 7 43 53 24 62 42 0 10 3 0 2 103 22 17 16 113 42 0 5 80 8 0 0 41 18 12 63 63 42 11 1 0 1 29 73 31 35 36 0 
106 1 1 18 40 13 9 43 24 4 20 33 43 7 31 59 3 2 29 25 17 23 61 17 8 5 40 25 20 15 17 19 36 1 0 2 90 29 32 40 111 3 0 7 85 14 5 44 18 1 12 75 101 83 10 10 62 45 20 40 30 27 2 16 17 48 35 62 111 13 14 4 111 102 18 48 74 5 0 2 14 22 20 107 99 72 8 1 14 47 10 52 32 46 21 14 1 50 111 74 10 0 0 0 8 111 104 42 8 1 0 0 1 59 111 26 15 29 5 0 4 22 82 39 8 23 12 9 
114 96 28 2 0 0 0 12 24 34 114 96 3 4 2 19 1 0 53 100 1 2 37 85 0 1 19 33 2 10 72 75 25 72 32 1 0 0 0 1 114 35 71 21 1 0 3 113 28 13 58 47 8 0 33 114 1 25 53 67 62 7 15 23 27 11 0 0 0 0 0 0 114 112 2 8 10 1 0 15 37 74 50 67 111 26 0 5 3 81 72 32 64 11 0 3 3 4 0 0 0 0 0 0 48 114 5 0 2 0 0 0 21 99 39 18 66 26 4 3 34 12 26 11 31 33 10 18 
18 36 17 1 35 22 19 46 12 13 81 33 33 49 17 20 30 1 26 43 12 32 51 53 46 7 0 3 21 52 25 13 114 16 0 0 62 28 9 27 63 7 0 0 114 105 13 17 114 11 0 0 43 48 19 55 44 4 0 0 88 103 28 26 114 32 0 0 79 22 0 1 80 22 6 1 44 96 63 18 60 2 21 5 8 34 72 108 7 0 32 15 11 59 66 31 45 43 6 1 85 24 1 0 37 68 114 14 1 4 18 4 0 1 114 44 0 1 28 12 0 0 114 49 0 1 30 8 
1 16 24 4 0 9 115 13 0 8 20 8 0 35 115 0 0 9 28 2 11 63 115 0 32 16 22 2 42 67 24 7 78 81 58 36 11 0 3 3 28 42 70 112 44 2 8 1 57 93 60 30 50 11 12 1 58 3 1 27 115 13 2 13 115 57 20 28 28 0 0 4 70 22 24 115 113 0 0 4 115 32 9 32 60 0 0 15 82 1 2 35 110 0 0 16 11 41 23 11 8 2 19 44 26 15 22 37 8 12 101 23 61 43 40 38 16 26 25 5 95 5 15 39 25 2 0 15 
5 0 52 97 16 9 18 18 37 20 3 27 18 35 29 14 71 22 10 12 20 52 31 39 1 0 0 3 48 71 7 1 109 7 5 4 33 38 21 46 65 7 0 0 95 117 36 25 117 25 0 0 57 41 11 45 9 1 0 1 117 61 1 2 81 5 2 0 26 47 52 67 40 2 10 5 37 100 69 50 43 0 14 56 54 21 59 101 3 0 1 67 117 7 1 4 3 6 98 27 0 7 31 19 1 0 117 59 0 4 22 13 0 0 95 117 9 3 44 10 0 0 5 73 31 26 33 2 
24 2 0 0 0 0 4 75 13 13 15 1 0 1 109 116 0 16 37 1 0 26 116 10 0 14 45 0 0 38 116 0 116 0 0 5 3 0 0 101 55 18 69 103 28 0 15 72 54 94 69 35 6 6 36 4 8 31 65 51 8 16 47 0 116 34 8 18 17 0 0 21 66 22 17 116 116 0 0 6 116 58 24 57 42 0 0 12 72 25 27 87 66 0 0 8 40 32 12 12 11 12 16 47 12 23 13 52 59 19 7 11 25 61 43 29 8 2 35 32 57 15 16 34 12 9 40 9 
2 24 116 44 1 3 15 13 1 0 49 117 54 3 7 5 34 41 5 46 33 8 9 5 35 39 23 25 15 18 17 24 11 10 69 30 38 64 21 20 60 2 31 43 14 33 60 83 47 6 0 4 46 117 61 21 117 23 0 0 17 33 17 34 44 7 0 0 117 96 10 11 117 18 0 0 38 42 15 50 51 4 0 0 117 117 34 25 117 11 0 1 28 26 27 80 58 18 2 0 28 64 33 6 49 2 10 3 7 33 73 94 15 0 27 12 9 60 56 34 5 0 26 54 14 10 46 51 
46 3 30 69 18 0 3 53 42 83 87 38 4 1 13 4 19 37 45 54 7 10 27 1 7 46 51 16 6 20 38 0 40 11 11 105 117 0 0 6 118 50 18 41 31 0 0 20 64 23 26 118 105 0 0 6 118 54 27 35 26 0 0 17 10 19 21 80 60 15 6 3 65 106 46 25 13 1 10 16 44 26 53 110 38 4 30 9 118 31 18 29 19 1 5 21 4 1 0 17 92 26 10 33 9 8 4 1 5 2 70 118 6 3 7 5 1 43 118 34 16 19 24 15 16 77 38 3 
35 21 3 95 78 0 0 0 101 85 33 45 36 2 2 2 1 3 10 71 129 10 1 0 0 0 0 1 11 1 0 0 22 10 4 43 19 52 41 14 121 37 14 11 9 36 35 71 9 1 4 16 95 129 30 13 0 0 0 0 21 15 0 0 42 2 0 0 104 114 33 22 129 19 0 0 42 36 10 48 48 2 0 1 129 91 5 11 0 0 0 0 72 15 0 0 28 1 1 1 46 83 41 27 55 0 3 16 28 31 67 117 15 0 1 61 129 7 2 17 0 0 0 9 65 1 0 0 
11 0 0 0 0 0 0 6 121 0 0 2 1 0 0 119 58 6 45 71 12 0 14 98 20 62 67 23 1 3 31 4 39 1 0 0 0 0 0 6 121 25 4 13 13 0 0 51 62 13 19 121 121 0 0 12 121 50 23 38 24 0 0 13 29 5 0 0 0 0 0 11 119 89 26 21 8 7 14 40 21 32 30 118 95 13 5 3 74 90 39 27 13 0 4 9 48 0 0 0 0 0 0 49 58 2 1 9 42 26 36 121 4 2 2 22 115 42 15 37 7 12 7 2 3 2 57 121 
25 20 28 73 43 0 0 0 66 80 55 33 19 1 1 2 35 15 3 32 115 4 0 4 110 0 0 9 50 0 0 21 36 20 25 92 83 0 0 1 115 28 7 28 36 0 0 15 75 6 5 56 115 0 0 9 115 0 0 14 68 0 0 25 11 12 26 34 5 7 104 32 77 52 35 26 8 36 62 9 87 19 47 86 36 10 1 10 115 2 1 17 80 0 0 21 3 3 15 13 0 11 98 54 1 10 14 4 31 115 66 1 86 2 5 6 39 77 5 26 91 0 0 16 84 0 0 19 
0 0 0 0 0 2 0 0 20 0 0 0 0 0 1 23 32 0 0 0 0 0 92 119 1 0 0 0 0 0 141 23 0 0 0 0 10 39 1 0 113 0 0 0 0 1 0 14 141 3 0 0 0 0 28 112 32 2 2 0 0 0 129 38 0 0 0 0 92 86 0 0 107 16 0 0 6 3 0 0 141 126 37 0 0 0 0 2 29 41 141 0 0 0 1 2 0 0 0 0 141 44 0 0 16 21 2 0 15 2 0 0 23 106 92 0 0 0 0 0 0 20 141 0 0 0 0 0 
2 9 35 11 4 27 86 14 0 13 75 12 16 51 48 0 3 33 113 10 19 22 28 25 4 37 61 0 0 10 59 24 7 1 47 69 66 57 23 8 16 6 113 47 26 62 21 2 105 9 21 17 24 17 32 113 9 4 27 38 30 15 70 63 4 0 54 78 49 74 14 1 27 16 48 78 59 84 16 1 113 113 10 10 17 9 1 20 15 56 20 24 53 110 10 5 0 8 44 40 40 79 29 0 3 7 30 53 18 71 47 7 23 113 10 6 2 7 66 30 33 113 16 0 1 22 25 17 
0 0 88 100 0 1 10 8 3 0 101 114 1 4 3 5 22 1 49 47 0 0 4 109 3 0 7 11 1 0 39 114 0 0 29 34 3 19 111 65 25 1 7 11 32 105 53 19 114 6 1 1 4 6 2 114 26 1 1 33 43 10 4 56 0 0 46 71 10 12 60 47 20 9 26 111 99 53 12 3 114 100 2 8 12 4 0 5 38 33 0 2 26 34 5 1 0 0 79 96 1 0 10 10 3 4 31 63 3 10 43 14 55 114 3 4 2 14 9 0 18 114 40 0 0 2 1 0 
0 0 61 28 2 2 38 5 0 1 5 17 5 12 28 6 1 11 6 0 0 3 48 27 0 29 33 0 0 9 65 2 0 0 2 3 10 28 125 25 18 2 0 6 77 118 82 18 111 17 1 0 7 11 89 124 9 7 4 0 0 31 125 21 0 0 125 87 18 10 45 3 14 14 34 125 124 23 5 1 103 125 53 9 11 1 3 11 10 84 125 0 0 3 26 5 0 0 122 41 0 0 0 0 0 3 38 54 2 0 0 0 0 39 39 3 0 0 0 0 0 26 106 0 0 0 0 0 
0 0 0 0 0 12 88 0 1 0 0 0 0 26 35 6 4 0 0 0 0 1 41 75 0 0 0 0 0 0 126 67 0 0 13 3 8 68 126 1 15 1 2 7 84 126 64 10 126 33 9 1 12 13 27 126 21 13 66 12 0 0 95 86 0 8 126 24 10 11 13 0 6 7 84 121 125 28 2 0 62 113 84 23 21 2 0 2 7 25 126 48 0 0 1 1 0 4 95 4 0 17 32 0 0 1 57 35 2 10 9 0 7 8 24 9 1 1 2 13 5 1 24 5 0 0 53 49 
68 13 33 46 4 0 2 79 3 6 61 85 62 4 9 40 4 32 62 43 40 15 10 13 12 51 12 11 9 51 28 9 87 116 30 32 37 6 0 6 15 18 112 75 91 22 4 3 116 19 30 30 24 5 26 109 17 12 25 34 22 29 70 37 12 116 40 4 7 2 0 0 69 89 34 11 33 34 50 19 116 31 2 7 27 25 53 57 25 12 40 38 116 35 8 14 5 20 1 0 0 0 0 0 51 116 9 0 0 2 8 4 32 116 91 11 8 5 20 33 26 12 31 29 57 19 23 47 
28 41 30 71 34 0 0 0 57 54 17 26 69 1 0 0 100 2 1 8 100 1 0 0 7 0 0 1 127 0 0 0 27 31 25 42 14 4 60 39 55 51 36 49 19 32 35 8 127 19 11 23 85 4 1 3 9 0 0 1 127 0 0 0 17 5 20 24 2 12 91 116 13 13 22 11 41 127 60 10 127 3 1 2 91 39 7 23 8 0 0 1 127 0 0 0 24 19 24 101 38 0 1 18 51 52 27 29 46 14 1 1 79 5 2 10 91 9 1 5 5 0 0 1 127 0 0 0 
31 3 21 81 24 0 5 58 39 72 67 46 32 24 8 2 10 11 2 3 131 71 1 0 0 0 0 0 44 8 0 0 19 4 7 131 103 0 0 12 131 44 15 56 42 0 0 17 39 7 3 68 131 3 0 2 0 0 0 9 59 0 0 0 21 9 21 131 25 13 8 4 126 86 35 42 11 7 8 24 8 12 25 131 109 20 5 2 0 0 0 10 21 1 0 0 21 1 2 5 50 72 31 19 112 6 2 2 22 34 25 78 5 1 2 8 124 91 16 10 0 0 0 0 17 5 0 0 
51 56 0 0 0 0 0 0 50 117 37 30 56 9 2 3 9 30 20 30 99 25 3 3 17 32 47 22 8 1 11 54 27 14 0 0 0 0 0 3 121 38 14 6 9 19 25 84 27 1 3 7 101 121 32 35 121 1 1 2 11 10 6 121 34 5 0 0 0 0 0 1 121 54 0 0 14 9 3 19 70 12 0 0 121 112 20 27 121 0 0 5 26 17 14 93 9 5 0 0 0 0 0 0 121 115 0 0 1 1 0 0 60 101 17 0 12 50 42 15 18 4 25 37 17 9 33 58 
17 162 63 0 0 0 0 0 81 162 7 0 0 0 1 0 10 14 1 0 0 1 1 1 0 0 0 0 1 1 1 0 64 59 1 0 0 0 0 1 162 159 0 0 0 0 0 5 85 20 1 0 0 0 0 2 0 0 2 1 1 0 0 0 80 4 0 0 0 0 0 32 162 4 0 0 0 0 0 128 86 2 1 0 1 0 0 18 0 0 1 1 1 1 0 0 96 0 0 0 0 0 0 110 162 0 0 0 0 0 0 162 18 0 0 0 1 1 1 14 1 0 0 0 1 1 0 1 
30 9 12 1 12 5 6 119 8 6 20 6 0 10 93 100 0 2 15 11 21 120 73 1 0 0 1 6 45 84 2 0 71 0 0 15 14 3 6 120 18 19 57 120 24 1 7 35 42 72 51 19 70 39 5 1 1 1 0 4 120 47 0 0 10 0 15 101 32 2 16 58 60 12 10 120 75 0 0 9 120 29 9 32 62 0 0 23 3 1 0 45 120 1 0 0 0 1 77 112 7 6 7 3 56 23 6 71 11 5 2 8 70 46 34 58 23 5 4 11 0 0 4 69 60 2 0 0 
16 14 21 18 32 32 21 19 59 3 4 1 18 66 16 16 126 8 0 4 9 1 2 67 11 11 25 54 55 2 6 15 126 48 1 0 11 31 15 30 56 10 0 0 74 126 19 14 126 24 0 1 22 17 8 29 22 9 3 13 126 21 0 1 94 126 0 0 2 4 0 0 40 106 5 0 17 89 49 17 59 6 16 24 13 18 51 91 8 1 3 65 126 8 4 7 14 70 1 0 0 0 0 0 11 126 71 0 0 1 4 1 7 32 126 51 1 0 5 17 2 1 18 62 22 3 31 62 
4 11 74 12 3 15 26 36 58 5 44 26 6 41 19 11 124 8 5 7 8 1 2 62 11 11 28 58 41 3 10 17 82 14 0 0 17 53 28 64 64 6 0 0 69 124 25 17 124 20 0 2 26 14 6 25 21 12 5 22 124 15 0 1 64 68 1 0 36 58 1 1 35 76 7 0 22 104 51 19 73 4 17 30 17 19 48 90 9 1 4 84 124 6 1 4 15 43 4 1 61 68 0 0 7 124 82 3 19 17 6 4 2 21 124 88 4 6 11 10 13 1 21 108 23 5 12 17 
22 2 1 2 24 6 10 116 7 2 8 6 0 7 116 111 4 8 14 5 14 107 108 4 50 4 11 13 26 68 5 13 65 0 0 14 17 4 10 116 20 16 49 116 27 1 9 43 50 78 52 25 51 38 7 1 56 2 0 3 109 53 2 20 8 1 16 101 29 3 22 56 53 11 9 116 77 0 0 8 116 34 12 39 40 0 0 22 75 3 2 41 88 1 0 11 0 2 49 100 11 17 37 1 32 20 4 66 17 27 42 2 53 55 68 41 7 9 6 4 99 8 20 41 13 0 0 10 
89 5 0 0 0 0 0 0 202 21 0 0 0 0 0 0 94 9 1 0 0 0 0 0 0 1 1 0 0 1 1 0 104 4 0 0 0 0 0 2 202 11 0 0 0 0 0 2 136 5 1 0 0 0 1 4 1 1 0 1 2 1 2 3 97 3 0 0 0 0 0 9 202 4 0 0 0 0 0 36 134 4 1 0 0 0 0 8 1 1 2 3 2 0 1 1 86 0 0 0 0 0 0 33 202 0 0 0 0 0 0 99 71 2 1 0 1 1 0 13 1 1 1 0 1 1 0 0 
2 1 0 0 0 0 0 0 160 16 0 0 0 0 0 0 179 36 0 0 0 0 0 0 18 4 1 0 0 0 1 1 2 1 0 0 0 0 1 4 173 12 0 0 0 0 1 4 179 29 0 0 0 0 0 2 34 4 1 1 1 0 1 4 2 1 1 1 1 0 1 2 165 3 0 0 0 0 0 19 179 5 0 0 0 0 0 43 35 2 1 1 1 1 0 2 1 0 0 0 1 2 3 8 119 0 0 0 0 0 1 120 179 0 0 0 0 0 0 125 12 1 0 0 0 0 0 3 
3 1 10 11 0 13 93 116 14 0 18 88 36 4 19 98 1 0 1 46 113 49 64 8 0 0 0 0 7 62 27 0 3 14 116 76 1 4 25 18 112 17 76 87 4 4 11 47 33 7 20 49 21 49 97 54 1 14 14 8 36 116 28 0 20 5 30 10 5 63 44 57 116 20 5 6 9 57 27 30 70 30 20 48 116 14 1 9 7 95 35 20 72 33 1 0 29 37 4 0 11 50 7 12 36 33 32 15 5 33 41 43 19 3 14 91 116 7 5 18 23 37 14 15 43 8 20 8 
16 2 15 85 28 0 1 29 48 66 52 43 16 8 2 1 35 14 2 5 114 41 1 6 99 0 0 4 49 5 1 16 13 3 4 114 83 0 0 4 114 36 11 40 19 0 0 14 75 10 8 69 114 1 0 4 114 2 0 11 70 0 0 9 10 6 5 92 27 25 51 1 64 74 55 22 3 18 25 3 84 24 69 84 15 3 1 3 114 4 1 10 73 0 0 9 0 3 11 1 1 50 114 0 0 4 9 2 7 114 90 0 91 3 9 3 9 69 9 16 114 0 0 7 68 0 0 13 
2 2 16 8 2 3 88 47 4 2 42 57 25 12 58 29 44 15 63 18 7 2 26 62 5 1 11 58 36 13 17 22 29 7 12 21 27 24 19 55 27 2 5 84 82 53 28 9 116 9 3 14 51 12 11 68 14 1 6 95 116 35 4 12 34 108 52 6 16 38 14 9 16 39 21 15 20 110 116 8 116 48 12 12 39 53 47 20 15 29 19 5 99 116 27 1 22 65 46 4 4 5 9 46 43 56 61 56 12 7 4 28 4 42 69 116 41 9 2 0 1 53 116 21 4 16 5 0 
4 4 4 4 2 77 100 23 27 4 7 9 1 16 105 115 29 1 6 44 106 28 15 81 0 0 0 6 100 72 27 0 8 48 78 10 21 22 35 11 10 19 115 80 1 5 50 41 90 19 57 66 21 15 34 43 6 2 11 25 27 115 82 12 20 52 27 7 36 76 14 9 25 7 52 17 3 45 89 54 115 14 7 17 36 15 32 49 13 23 42 62 103 12 1 3 51 115 0 0 2 20 5 3 20 40 15 2 12 26 26 20 22 24 51 50 28 7 21 39 7 6 11 67 94 6 14 9 
22 1 0 0 0 0 0 9 177 0 0 0 0 0 0 114 144 0 0 0 0 0 0 68 2 1 2 0 1 1 1 1 60 3 0 0 0 0 0 5 177 5 0 0 0 0 0 58 149 4 0 0 0 0 1 22 1 1 2 0 0 2 3 0 61 7 0 0 0 0 0 1 177 56 0 0 0 0 0 3 154 23 0 0 1 0 1 4 1 2 1 1 2 1 1 1 26 9 0 0 0 0 0 0 177 102 0 0 0 0 0 0 149 63 0 1 1 0 0 0 1 2 0 1 2 0 0 0 
0 11 124 0 1 2 0 0 32 36 124 4 1 0 0 3 48 16 31 21 42 59 20 18 0 0 0 1 47 60 2 0 0 1 7 0 19 20 10 2 82 22 5 0 0 0 18 36 124 25 0 0 55 43 9 51 3 0 0 1 124 70 1 2 0 0 0 0 12 52 124 30 12 0 3 3 0 0 124 124 48 1 6 59 65 5 35 124 1 0 0 60 124 9 0 2 0 15 99 9 0 8 68 10 2 2 122 52 0 0 48 27 0 0 53 124 17 11 34 13 0 0 1 67 37 35 20 0 
4 5 3 15 27 60 62 20 7 16 8 0 1 26 119 31 0 3 2 0 0 102 119 0 0 0 0 0 2 65 19 0 4 27 37 113 56 4 3 5 21 119 119 3 0 5 26 11 68 107 22 0 11 91 56 2 5 1 0 0 81 119 17 11 0 2 7 66 32 0 1 0 85 34 20 1 0 0 0 21 119 37 2 4 27 4 0 46 33 4 0 20 119 25 2 18 3 0 0 7 4 10 62 17 65 0 0 0 0 6 50 92 119 0 0 27 35 0 1 89 16 23 4 74 102 0 0 2 
2 6 63 31 51 1 0 1 59 92 68 8 0 0 0 0 120 92 2 0 36 29 0 0 15 36 12 5 109 44 0 1 0 0 1 10 94 1 4 3 85 21 1 0 0 0 17 31 120 48 0 3 33 5 2 34 15 5 4 17 120 23 1 3 32 8 0 11 64 1 15 45 35 15 20 3 0 0 117 120 75 3 45 83 15 0 25 111 9 4 7 120 112 2 13 5 35 28 2 7 20 1 40 29 24 52 72 9 0 0 56 48 0 1 71 65 2 2 83 29 0 0 21 41 7 3 114 34 
2 7 44 39 77 11 14 13 30 100 123 12 2 0 7 7 83 104 8 0 29 53 11 2 27 38 15 7 61 42 3 8 1 1 4 37 124 2 2 2 82 33 11 6 12 1 15 36 124 59 0 4 43 6 2 35 16 12 14 23 124 16 1 5 20 3 0 33 124 3 6 22 52 19 9 1 4 1 67 124 83 5 35 74 21 1 19 110 15 6 5 110 111 5 20 10 21 5 1 26 47 7 59 29 46 40 23 4 0 0 50 59 2 5 53 44 4 2 64 19 1 0 35 33 9 6 93 22 
0 1 1 5 12 44 97 28 3 9 3 2 3 25 116 24 0 3 0 0 0 81 116 3 0 0 0 0 1 57 21 1 3 6 18 116 73 14 19 12 18 116 90 27 7 6 29 16 70 98 15 0 13 93 65 6 6 1 0 0 50 116 32 25 1 1 4 116 72 2 6 1 77 34 21 14 5 1 9 29 116 36 2 7 33 6 0 51 36 16 3 28 101 25 6 21 19 2 0 30 16 3 47 37 33 3 3 1 0 2 114 100 82 1 6 54 36 0 6 97 8 32 9 82 72 0 4 4 
2 31 128 1 1 10 12 13 2 16 104 37 46 76 16 1 0 0 4 27 128 51 3 0 0 0 0 0 9 2 0 0 19 41 122 0 0 0 0 0 126 46 69 15 13 28 18 32 10 1 3 14 118 128 16 10 0 0 0 0 23 14 0 0 26 5 1 0 0 0 36 28 128 16 0 0 14 11 14 88 41 1 0 3 128 80 3 14 0 0 0 1 70 13 0 0 1 0 3 1 0 0 128 70 28 0 8 34 18 2 67 128 6 0 1 93 128 5 2 13 0 0 0 12 52 1 0 0 
10 0 0 0 0 0 0 6 116 0 0 1 0 0 1 120 44 1 42 48 3 0 30 120 0 13 120 17 0 4 50 8 39 1 0 0 0 0 0 7 120 20 3 14 11 0 0 58 43 6 37 120 120 0 0 13 0 17 120 50 15 0 0 0 38 3 0 0 0 0 0 10 120 64 14 19 9 6 14 46 9 16 14 87 120 47 24 3 0 1 4 8 23 21 11 0 45 8 0 0 0 0 0 12 114 63 0 1 1 12 33 71 10 18 2 3 9 120 112 9 0 0 1 0 1 120 90 0 
2 1 0 0 0 0 117 78 2 1 2 10 11 5 118 87 32 11 5 9 5 10 93 70 24 6 2 3 8 44 48 32 34 5 2 8 28 15 44 41 35 6 5 64 113 20 17 28 118 38 15 36 26 11 7 17 49 11 36 14 4 74 19 13 17 21 21 21 16 35 38 24 17 1 67 48 93 81 15 21 96 26 90 72 19 33 16 23 12 11 118 98 1 2 0 0 2 29 112 98 1 2 2 0 0 0 118 96 4 3 0 0 0 1 106 89 2 2 0 0 0 0 45 38 0 0 0 0 
3 67 117 0 0 0 0 0 50 117 56 1 8 9 1 0 22 21 2 6 117 51 1 6 98 0 0 4 41 11 1 39 28 15 13 0 0 1 1 3 117 58 8 7 4 0 0 19 75 14 8 70 117 1 0 8 117 1 0 17 59 1 0 33 19 7 0 0 0 42 31 2 83 94 62 12 1 6 4 4 86 31 84 81 15 0 0 11 117 3 1 22 68 0 0 27 1 6 2 0 0 117 80 0 2 10 16 1 1 117 45 1 117 8 16 1 0 16 6 36 92 0 0 22 80 0 0 23 
0 0 43 83 28 3 0 0 83 4 10 24 6 0 0 0 132 6 0 4 27 9 0 2 25 24 9 18 70 41 18 12 0 0 1 3 74 56 5 1 85 4 0 0 1 2 18 20 132 24 1 6 7 10 3 11 24 4 22 83 36 43 23 9 0 1 3 2 37 132 104 14 18 1 4 20 12 21 132 70 132 57 54 43 17 10 25 21 10 12 43 132 75 0 0 0 0 14 132 31 2 25 36 3 0 0 97 132 12 8 36 7 1 11 80 85 9 3 2 0 0 2 41 47 4 0 0 0 
0 0 0 0 0 1 40 15 31 0 0 0 0 14 44 15 134 0 0 0 0 2 2 39 62 0 0 6 6 0 0 8 0 0 0 1 9 14 134 71 31 0 0 5 108 95 94 20 134 11 2 1 16 9 2 33 57 6 16 19 28 0 0 4 0 0 61 77 21 6 45 12 17 11 18 134 134 12 6 1 127 116 86 14 18 0 0 2 12 22 134 61 6 0 0 0 0 0 134 86 0 0 0 0 0 3 42 97 7 0 0 0 1 26 54 8 1 0 0 0 0 2 71 14 0 0 0 0 
0 0 0 0 0 0 40 38 0 0 2 1 0 0 101 97 0 0 10 12 1 1 120 115 2 3 34 39 4 2 65 62 0 0 9 15 3 2 113 107 10 5 59 83 21 5 75 70 73 16 64 33 4 13 47 66 14 6 21 36 16 120 46 15 25 5 20 40 34 11 19 46 47 10 15 119 103 21 4 2 120 32 19 15 10 6 7 27 28 24 30 11 9 103 15 9 66 10 0 25 97 36 3 18 40 8 5 63 77 49 17 10 120 30 6 14 5 7 8 16 27 22 50 57 13 15 4 4 
0 0 0 0 0 0 0 2 11 0 0 0 0 0 7 47 95 10 10 14 0 0 6 122 15 7 58 113 0 0 3 60 18 1 0 0 0 0 0 13 98 7 0 0 0 9 43 122 43 14 22 38 43 99 54 57 2 5 26 122 29 22 0 0 28 3 0 0 0 2 37 27 122 29 3 0 0 6 10 101 62 13 11 3 70 122 8 15 0 0 0 4 80 122 0 0 5 3 0 0 0 10 122 70 31 5 19 28 27 17 48 117 29 86 60 25 24 34 3 7 10 18 1 0 76 122 0 0 
2 0 0 0 0 0 0 0 55 0 0 0 0 0 0 38 105 0 0 0 0 0 34 179 7 0 0 0 0 0 72 178 2 0 0 0 0 0 0 2 166 8 0 0 0 0 0 11 179 23 0 0 0 0 1 60 50 4 0 0 0 0 4 22 4 0 0 0 0 0 0 1 148 13 0 0 0 0 0 1 179 46 0 0 0 0 0 0 71 8 0 0 0 1 0 0 3 1 0 0 0 0 0 0 86 15 0 0 0 0 0 0 179 56 0 0 0 0 0 0 70 14 0 0 0 0 0 0 
85 10 0 0 0 0 0 0 213 30 0 0 0 0 0 0 76 7 0 0 0 0 0 0 0 0 1 0 0 1 1 0 96 9 0 0 0 0 0 0 213 28 0 0 0 0 0 1 117 6 0 0 0 0 1 3 0 0 0 1 1 1 1 1 84 5 0 0 0 0 0 3 213 26 0 0 0 0 0 4 133 10 0 1 1 1 0 2 0 0 0 1 1 1 1 0 61 3 0 0 0 0 0 3 213 9 0 0 0 0 0 6 113 4 0 0 1 1 0 4 0 0 0 1 1 1 0 0 
62 6 0 0 0 0 0 1 216 26 0 0 0 0 0 1 91 6 0 0 1 0 1 2 0 0 0 1 1 1 1 0 70 3 0 0 0 0 0 5 216 15 0 0 0 0 0 7 133 6 0 0 2 1 0 4 0 0 0 1 2 1 1 0 64 4 0 0 0 0 0 1 216 19 0 0 0 0 0 1 139 11 2 1 1 1 0 1 0 0 1 1 2 1 0 0 45 1 0 0 1 11 2 3 216 5 0 0 0 0 0 7 117 5 1 0 0 0 0 1 0 0 1 0 0 0 0 0 
30 126 22 3 12 7 1 2 37 55 23 4 20 33 105 69 2 10 20 32 11 5 126 92 26 28 22 16 5 7 93 44 24 72 5 0 0 0 0 1 52 126 126 1 0 0 6 15 90 119 57 34 23 15 35 30 37 13 10 88 26 7 40 71 0 5 1 0 0 0 0 0 91 46 15 0 0 0 0 8 126 100 28 33 2 0 6 36 14 6 14 126 42 3 28 41 0 0 0 0 0 0 0 0 20 29 0 0 0 0 0 0 76 126 34 10 1 0 0 6 48 33 45 35 5 1 21 78 
7 3 0 0 0 92 97 18 12 1 2 1 1 44 115 75 46 7 2 1 36 10 23 123 2 3 15 19 123 14 6 5 42 80 0 2 15 35 23 4 8 19 33 54 70 40 52 16 67 80 32 14 59 4 6 23 4 3 1 9 123 1 0 0 61 123 1 1 19 8 0 0 22 47 3 9 65 117 20 10 91 12 2 7 62 33 30 59 8 1 0 20 123 1 1 3 31 114 1 1 37 15 0 0 34 123 13 1 1 18 12 2 3 12 32 51 48 10 24 16 3 1 2 52 123 2 5 3 
25 1 14 14 3 0 0 76 43 3 10 11 1 0 7 123 8 24 19 6 20 35 43 33 1 2 4 2 123 68 6 0 74 0 0 2 5 1 1 123 34 10 19 95 57 9 3 80 109 66 29 32 33 5 2 12 15 4 0 0 123 25 0 3 62 4 20 24 9 3 3 119 9 16 53 36 65 56 32 23 84 23 7 4 29 13 32 84 16 1 0 0 123 15 1 11 13 25 87 79 0 0 0 7 11 72 118 47 1 1 2 1 56 123 23 5 15 1 2 8 16 9 7 17 123 6 1 9 
82 96 19 0 0 1 8 18 16 84 21 2 0 21 61 5 2 7 23 14 0 55 106 0 0 8 20 1 0 69 112 0 33 89 25 0 0 0 0 2 112 112 17 10 13 1 0 2 18 18 81 96 75 11 4 1 9 83 112 11 4 7 15 14 35 2 0 0 0 0 22 81 112 3 0 1 13 10 15 112 19 1 4 12 79 95 82 18 9 15 11 3 4 11 112 89 87 5 2 0 0 0 21 109 19 3 21 8 0 2 26 101 2 0 51 29 0 15 34 10 0 0 74 50 0 1 28 11 
68 6 0 0 0 0 0 3 140 42 27 9 6 4 2 13 8 24 40 22 83 27 5 3 0 1 1 4 140 12 0 0 71 9 0 0 0 0 0 1 140 33 19 8 1 14 47 36 17 30 28 25 83 48 91 18 0 1 1 5 140 15 2 0 62 7 0 0 0 0 0 2 140 83 3 8 4 5 7 18 27 23 7 63 99 59 21 5 0 0 0 14 140 18 1 0 23 7 0 0 0 0 0 5 140 98 6 1 0 2 3 73 24 35 21 48 70 37 10 26 0 0 1 35 118 46 3 0 
0 0 1 1 0 0 70 75 0 0 9 14 1 1 110 117 5 5 46 50 5 3 73 78 29 10 34 16 4 2 33 42 8 4 44 63 15 4 58 60 72 15 56 35 5 16 49 66 23 10 26 43 18 121 56 16 121 61 9 4 7 49 12 18 37 9 11 90 79 17 3 2 121 37 20 16 10 7 7 24 35 32 35 13 10 121 19 10 64 42 5 4 10 121 16 7 28 6 3 45 61 44 16 8 121 34 7 17 6 7 10 16 31 28 73 82 18 16 5 4 5 20 113 57 18 26 2 1 
34 7 6 86 33 1 14 29 122 10 7 67 31 8 7 23 32 3 4 24 44 95 46 15 3 2 4 29 14 59 120 7 28 10 29 122 33 33 12 8 122 28 10 38 16 17 9 27 33 10 18 122 25 35 19 14 7 10 23 122 13 7 10 5 7 83 56 5 7 62 41 5 68 68 49 18 5 43 47 14 6 13 56 122 20 44 24 17 8 2 3 76 8 12 92 55 0 83 55 0 0 1 1 0 0 122 91 1 1 18 7 0 2 80 53 4 5 54 50 12 12 24 19 2 1 13 49 35 
74 6 1 1 0 0 0 0 202 16 0 0 0 0 0 0 114 7 0 0 1 0 0 1 1 1 0 1 3 0 0 0 98 2 0 1 0 0 0 1 202 9 0 0 0 0 0 6 147 4 0 0 0 0 0 8 0 0 0 1 1 1 0 0 99 0 0 0 0 0 0 7 202 2 0 0 0 0 0 14 143 6 0 0 0 0 0 5 0 0 0 1 0 1 0 0 87 0 0 0 0 0 0 4 202 0 0 0 0 0 0 16 103 0 0 0 0 0 0 9 0 0 0 0 0 0 0 0 
5 37 23 0 0 0 0 0 71 116 76 0 0 0 0 0 134 97 8 11 34 3 0 0 4 4 48 65 122 17 3 1 1 1 1 0 0 0 2 5 121 19 1 0 0 0 11 43 134 38 0 0 25 14 3 38 15 1 1 2 103 111 64 13 38 0 0 0 0 0 3 42 72 1 0 0 0 0 76 134 95 1 1 0 1 3 38 134 8 0 6 6 2 25 42 14 96 12 0 0 0 0 0 8 134 43 10 2 0 0 8 60 11 6 57 45 0 0 8 25 0 0 92 96 0 0 0 1 
0 31 109 50 7 6 0 3 0 69 58 2 19 108 43 0 26 13 5 0 2 62 131 76 41 0 0 4 13 0 8 59 0 49 115 110 0 0 0 0 17 132 132 0 0 2 3 1 88 132 29 0 0 4 19 12 15 7 0 15 38 0 3 9 1 3 8 14 0 0 0 0 112 55 10 0 0 0 0 12 132 103 7 0 0 0 0 30 27 17 9 38 67 0 0 3 0 0 0 0 0 0 0 0 34 40 2 0 0 0 0 1 54 132 62 0 0 0 0 1 2 80 105 57 29 0 0 0 
6 0 3 99 31 0 0 2 122 0 0 7 2 0 0 56 112 0 0 10 44 3 0 40 2 2 3 35 109 18 19 25 17 0 2 19 5 39 17 4 122 26 0 0 0 2 2 41 100 29 4 1 23 21 4 18 0 1 5 20 28 40 56 31 5 8 3 0 0 122 80 2 78 107 10 0 0 83 46 4 20 122 103 7 0 10 4 0 0 12 99 122 1 3 4 1 0 107 46 0 0 44 19 0 0 43 18 0 0 122 64 0 0 35 47 5 2 122 51 0 0 4 53 48 3 43 14 0 
29 121 64 0 0 0 3 8 38 120 69 19 13 6 13 11 32 14 15 32 19 14 49 60 24 8 2 121 39 1 4 25 27 33 21 0 0 0 0 2 121 84 15 2 0 1 2 31 80 17 14 121 25 2 24 34 0 0 0 121 54 3 35 55 18 12 0 0 0 0 0 0 114 121 29 3 0 0 0 4 63 74 62 82 12 1 14 52 6 4 25 29 9 3 59 121 1 2 0 0 0 0 0 0 27 57 3 0 0 0 0 0 101 114 53 12 0 0 1 19 8 29 121 72 0 0 2 16 
33 23 5 32 26 9 43 22 46 11 2 53 30 7 62 85 76 7 5 61 42 38 32 36 16 1 2 9 35 119 59 12 38 67 22 5 2 7 32 35 42 22 41 119 46 20 10 21 119 19 8 74 30 14 5 23 35 7 8 87 27 32 26 14 6 119 83 1 1 11 9 6 13 91 71 28 15 88 48 6 114 66 44 26 7 44 49 18 7 12 42 119 16 30 19 14 0 33 23 0 0 0 0 0 0 113 79 0 0 2 3 0 0 119 95 3 2 23 13 0 3 56 41 10 5 45 45 15 
0 1 59 10 0 0 120 15 1 4 76 4 0 0 120 20 0 0 49 24 4 9 120 12 0 0 6 36 41 37 48 4 15 6 89 27 35 77 13 2 114 19 80 5 5 6 31 76 9 1 45 45 18 13 120 29 10 4 35 46 13 47 64 10 25 11 5 1 95 120 5 3 120 14 0 2 28 37 5 24 41 3 19 56 69 78 35 7 26 7 42 45 12 47 51 3 30 18 6 1 60 73 2 10 120 16 1 5 42 49 3 8 39 9 23 98 84 17 6 0 13 14 68 68 18 10 9 0 
0 0 0 0 0 0 0 2 0 0 0 0 0 0 23 13 0 0 0 0 0 0 48 31 0 0 0 0 0 16 80 25 24 1 0 0 0 1 1 13 91 4 0 0 0 10 97 121 28 8 0 0 11 60 121 102 43 25 0 0 3 55 121 82 35 3 0 0 5 28 22 29 121 25 0 0 3 9 21 99 73 24 3 2 121 100 20 24 61 121 5 4 42 18 7 4 15 9 11 1 21 39 49 82 69 33 44 1 1 1 33 121 34 32 6 3 121 60 1 15 22 106 5 4 102 36 0 0 
0 0 0 0 1 1 0 0 71 4 0 0 0 0 1 20 131 7 0 0 4 27 73 77 17 4 0 0 48 102 49 16 0 0 0 0 11 8 23 8 95 8 0 0 0 0 44 30 133 24 0 0 14 6 7 36 24 9 0 1 133 41 1 2 33 11 6 0 19 9 95 93 15 4 36 3 0 0 133 98 81 18 18 0 9 2 48 116 9 4 0 1 133 29 0 4 33 60 71 4 27 4 11 17 5 24 133 16 0 0 35 15 66 96 72 2 3 0 8 20 17 10 0 0 133 21 0 1 
72 19 8 0 0 0 26 108 5 11 32 2 0 18 131 31 0 5 12 3 0 37 131 0 0 0 4 2 0 32 131 0 54 104 103 0 0 0 1 12 12 98 131 0 0 1 8 3 58 122 68 13 6 3 18 1 5 18 70 69 17 4 24 0 0 11 26 0 0 0 0 0 83 33 52 0 0 0 0 7 131 44 8 18 46 0 0 21 36 14 23 84 131 0 0 3 0 0 0 0 0 0 11 6 62 13 0 0 0 0 29 9 121 69 41 34 24 1 11 8 38 6 14 65 87 2 4 4 
58 38 17 3 3 16 12 35 20 6 69 28 46 51 10 16 53 4 55 15 16 32 28 50 1 0 23 21 54 54 10 2 119 15 0 0 29 41 7 21 67 7 0 0 119 96 12 14 119 12 0 0 46 42 13 45 9 0 0 0 111 110 40 5 119 29 0 0 69 26 1 1 76 23 10 1 34 86 64 18 46 1 31 6 6 30 69 101 4 0 43 12 9 65 79 12 38 42 13 3 89 16 0 0 28 61 119 18 2 2 7 1 1 1 119 46 0 1 9 9 1 2 119 31 0 1 12 22 
1 22 24 2 0 26 112 2 0 5 11 7 1 47 118 0 0 3 8 2 8 74 118 0 35 0 0 1 31 71 46 17 80 114 57 6 3 1 4 3 24 40 71 101 34 4 13 1 43 86 59 27 46 16 20 1 54 3 1 26 118 19 3 12 118 36 10 16 13 0 1 13 69 18 15 106 118 0 0 5 118 32 9 31 61 0 0 16 74 12 2 41 110 0 0 5 27 27 15 11 2 13 98 8 32 11 14 47 21 24 84 7 73 36 21 44 27 14 28 8 23 37 12 55 42 3 0 0 
0 0 0 0 0 0 0 0 10 0 0 0 0 0 1 21 21 1 0 0 0 0 34 123 17 11 6 0 1 4 85 123 0 0 0 0 0 1 39 39 61 6 0 0 0 21 94 39 123 30 2 1 5 21 30 123 21 55 53 8 44 62 16 28 46 35 10 0 0 2 61 123 35 34 3 0 4 123 123 58 109 74 15 2 13 76 38 41 17 53 28 20 67 62 8 3 39 113 38 0 0 0 0 8 50 123 23 12 12 30 5 2 8 32 36 71 74 49 3 1 4 43 77 60 7 2 1 0 
23 59 20 19 63 5 5 20 13 5 9 30 72 13 29 125 6 2 9 54 68 33 22 32 2 0 1 12 63 55 60 27 17 125 92 11 7 1 1 6 23 64 125 120 14 1 2 31 94 29 74 64 27 4 8 83 17 1 5 59 46 40 64 62 0 54 40 3 0 0 0 0 52 45 94 40 0 0 0 1 125 125 33 31 7 0 0 30 14 17 23 125 77 1 0 9 0 0 0 0 0 0 0 0 7 15 1 0 0 0 0 0 22 125 46 5 3 0 0 0 0 36 77 41 43 2 0 0 
14 84 116 0 0 0 2 4 46 121 81 2 1 2 12 1 15 32 46 62 11 7 26 0 11 48 49 16 11 14 31 0 26 18 24 0 0 0 1 3 121 54 12 9 9 0 0 18 62 20 19 114 121 0 0 4 121 44 19 27 33 0 0 12 17 1 0 0 0 1 103 30 102 61 26 17 3 8 82 16 39 20 30 101 57 15 40 5 121 33 13 29 22 2 11 13 2 4 15 4 0 3 121 54 2 10 8 2 0 31 121 4 3 3 9 6 2 51 121 3 10 11 7 10 25 53 84 6 
1 1 1 0 0 0 0 3 2 20 11 1 0 5 20 15 31 36 23 7 1 11 10 4 61 90 52 3 0 3 8 17 26 0 0 0 0 0 0 8 116 1 0 0 4 47 62 86 49 3 0 0 38 141 40 26 141 10 4 1 16 25 29 83 41 3 0 0 0 0 0 0 141 20 0 0 15 21 5 16 87 4 0 0 141 129 5 8 141 16 0 0 49 16 1 6 25 2 0 0 0 0 0 0 141 24 0 0 10 2 0 0 80 7 0 0 141 28 0 0 141 17 0 0 44 10 1 1 
75 2 1 70 57 0 0 57 83 0 0 105 88 0 0 66 97 0 0 78 68 0 0 95 1 0 0 118 104 0 0 1 34 21 38 120 63 1 0 13 120 23 5 74 39 0 0 46 76 9 5 120 120 0 0 25 0 0 0 78 68 0 0 0 6 10 23 68 77 28 3 0 104 112 39 37 6 2 1 1 15 30 44 120 67 0 0 0 0 0 0 21 16 0 0 0 3 0 0 27 63 30 21 15 1 17 17 3 13 33 6 1 0 4 18 21 2 1 0 0 0 0 0 2 1 0 0 0 
31 45 38 16 8 1 1 0 82 116 54 7 0 3 5 2 2 10 116 56 2 4 17 6 2 2 116 49 1 3 6 8 21 18 8 0 0 39 47 19 108 55 25 5 5 25 22 63 25 5 61 34 68 91 18 19 84 7 33 10 13 27 24 57 63 6 0 0 28 111 36 24 116 28 0 0 31 55 8 23 61 11 0 0 116 113 11 10 116 17 0 0 29 31 12 34 100 27 0 0 56 35 1 1 116 34 0 0 71 36 0 1 75 25 4 1 25 70 43 9 27 1 14 4 3 22 59 68 
36 21 25 74 47 0 0 2 74 81 58 39 20 1 1 3 37 18 3 41 116 4 0 4 115 0 0 12 52 1 0 23 42 18 18 96 93 1 0 3 116 25 6 32 41 0 0 22 70 15 6 80 116 0 0 5 116 35 4 28 56 0 0 6 10 8 15 36 11 42 116 5 83 42 20 27 13 33 93 16 16 32 24 116 80 21 4 0 34 96 40 38 19 1 0 0 0 12 33 15 1 25 94 0 1 15 11 7 59 72 90 2 0 2 1 11 116 65 14 2 0 13 16 6 4 29 13 1 
0 0 51 17 2 14 79 5 1 0 13 52 31 69 63 4 17 1 0 7 15 19 90 93 19 9 14 9 2 9 104 27 4 0 42 70 43 34 58 7 23 9 100 67 10 53 47 5 120 16 12 12 15 14 45 80 12 0 25 63 51 32 65 16 8 1 28 62 45 84 36 1 35 8 59 54 23 81 60 6 120 22 6 10 16 16 5 13 24 2 13 51 57 79 21 2 4 2 43 118 91 1 0 0 29 31 105 61 11 1 0 0 120 113 11 9 12 2 0 0 15 19 18 49 65 41 11 0 
1 0 0 0 0 0 1 1 36 0 0 0 0 0 0 23 152 0 0 0 0 0 0 152 75 0 0 0 0 0 1 115 2 0 0 0 0 0 1 2 125 4 0 0 0 0 0 23 152 25 6 1 0 0 0 117 61 8 51 28 0 0 0 23 5 1 0 0 0 1 1 1 93 34 1 0 0 1 1 1 152 152 121 15 0 0 0 4 11 27 152 145 0 0 0 0 1 3 2 0 0 0 0 0 5 15 6 0 0 0 0 0 5 50 79 7 0 0 0 0 0 3 81 37 0 0 0 0 
0 0 24 21 0 5 101 2 1 0 2 6 2 34 49 5 6 3 0 0 0 3 54 42 4 12 20 0 0 0 112 9 0 0 13 5 13 26 141 4 25 0 2 11 141 114 64 10 141 1 0 1 18 8 64 113 15 0 0 0 0 0 141 30 0 0 141 34 10 2 6 0 42 4 78 120 115 6 1 0 141 12 1 8 15 0 0 4 44 1 0 5 8 0 4 2 0 0 75 5 0 4 46 1 44 3 35 19 1 12 13 1 141 10 1 1 0 0 0 0 39 1 0 1 18 1 0 0 
0 0 6 44 4 2 7 1 10 7 1 1 0 0 11 10 22 35 49 1 0 0 32 19 4 8 113 15 0 0 38 8 4 0 0 1 23 85 106 8 63 1 0 0 8 16 83 133 10 1 4 0 0 0 146 83 0 0 4 1 0 0 146 35 11 1 19 45 146 70 33 2 146 24 0 7 50 11 9 43 90 7 0 1 1 0 64 33 0 0 17 41 14 0 51 6 8 3 88 85 30 0 1 0 146 37 4 16 11 0 0 0 107 13 0 1 6 0 0 0 0 0 7 39 119 9 0 0 
10 24 12 37 105 0 0 1 146 0 0 3 19 0 0 32 115 0 0 0 21 19 2 14 0 0 0 0 41 89 80 0 22 21 26 35 17 0 0 1 146 37 7 4 4 0 0 26 102 31 56 0 0 2 1 8 0 6 47 0 0 7 16 0 14 7 5 1 0 4 0 3 95 125 55 0 0 0 20 21 14 83 146 1 1 10 35 2 0 33 146 2 2 5 2 0 23 0 0 0 18 26 0 12 93 4 4 0 0 3 74 123 6 3 22 2 47 91 146 22 2 4 42 3 61 43 7 2 
0 0 18 89 16 5 12 1 15 6 0 8 5 1 15 16 34 36 45 1 0 0 35 29 6 8 108 25 0 0 42 9 2 0 2 6 24 82 137 7 59 1 0 0 12 27 86 129 13 3 6 1 0 0 137 79 0 0 13 5 0 1 137 26 6 3 78 89 77 39 28 2 137 27 4 23 37 11 7 33 87 6 1 15 20 1 43 25 0 0 71 98 45 2 31 3 9 3 72 36 2 12 32 1 137 33 7 9 1 4 2 1 97 10 0 4 41 9 0 0 0 0 10 33 121 61 26 0 
10 33 15 33 100 2 0 2 139 0 0 4 30 1 0 36 80 0 0 3 91 54 9 13 16 0 0 2 59 72 93 30 27 36 36 32 14 0 0 1 139 42 9 7 6 0 0 27 73 30 54 0 3 25 12 8 0 6 40 0 1 27 82 8 20 10 7 1 3 20 3 6 98 120 50 0 0 3 26 36 9 72 139 4 5 23 23 3 0 38 139 2 2 1 1 1 35 0 0 0 49 59 2 19 112 2 2 0 7 15 56 119 4 2 19 7 124 92 52 13 23 7 42 4 35 7 7 35 
4 77 34 7 31 64 10 2 42 2 5 7 50 67 22 76 23 0 0 2 86 68 46 66 6 0 0 0 25 52 69 41 7 114 49 8 7 2 6 4 114 52 27 12 20 12 4 49 50 16 12 2 63 79 67 72 12 2 4 0 60 76 54 76 25 14 2 0 6 48 56 56 114 72 30 4 15 24 17 66 19 100 114 7 15 16 24 17 1 36 114 14 7 32 26 10 59 0 0 5 51 28 12 56 42 0 2 5 83 33 13 79 24 11 23 7 78 27 20 82 2 6 67 23 87 23 8 10 
3 1 0 0 0 0 0 1 56 1 0 0 0 0 1 20 83 0 0 0 9 73 42 71 0 0 0 0 32 99 8 1 3 2 1 0 0 0 0 0 132 5 1 0 0 0 0 5 176 2 0 0 14 77 17 52 11 0 0 0 83 176 8 7 5 0 0 0 0 0 0 0 140 3 0 0 0 0 0 4 176 3 0 0 2 16 3 11 45 0 0 0 48 176 4 6 4 0 0 0 0 0 0 0 106 4 0 0 0 0 0 1 176 12 0 0 0 0 0 3 49 3 0 0 6 49 1 3 
3 2 17 33 24 46 32 9 22 3 6 15 32 50 78 59 27 7 12 27 15 37 91 52 1 1 9 65 59 53 7 1 12 4 40 73 53 64 5 5 118 14 18 19 23 26 19 57 26 0 13 84 105 73 26 17 0 0 8 83 106 35 2 0 20 27 77 118 38 6 0 0 118 118 35 22 20 6 0 6 20 22 28 109 101 77 5 1 0 0 3 43 85 65 7 0 6 12 11 33 10 0 0 0 31 118 55 1 2 1 0 0 1 57 118 29 16 30 3 0 0 0 52 49 19 31 3 0 
4 26 71 21 0 0 0 1 27 106 50 15 2 0 1 40 17 63 22 17 39 9 44 107 6 14 11 10 13 25 76 94 16 1 2 0 0 0 0 8 124 8 1 4 1 0 5 124 30 18 55 44 10 0 45 124 1 30 59 74 65 8 24 32 25 8 0 0 0 0 0 1 124 119 2 9 12 1 0 24 44 89 60 75 122 26 0 9 1 85 80 57 77 11 0 0 3 3 0 0 0 0 0 0 50 124 7 0 2 0 0 0 15 108 50 28 79 20 0 0 0 9 35 33 51 13 0 0 
2 28 123 73 17 23 2 1 83 23 53 19 20 37 5 68 79 1 9 35 47 19 5 99 0 12 69 42 43 63 10 1 30 18 33 50 9 0 0 2 123 58 18 8 7 0 0 59 65 17 64 104 76 40 2 26 0 8 93 72 60 72 4 0 15 10 1 2 0 0 0 0 106 123 21 1 4 1 0 1 14 123 105 20 50 88 9 0 0 7 56 43 41 117 13 0 0 1 0 0 0 0 0 0 0 41 13 0 0 0 0 0 0 82 102 4 1 1 0 0 0 17 90 22 10 7 1 0 
69 17 0 0 0 0 0 0 185 63 0 0 0 0 0 0 80 13 0 1 1 0 1 2 2 1 0 1 0 0 1 1 72 8 0 0 0 0 0 2 185 32 0 0 0 0 0 0 134 12 1 1 0 0 0 0 1 2 2 8 1 0 0 0 68 3 0 0 0 0 0 6 185 9 0 0 0 0 0 14 143 5 0 3 1 0 0 7 1 0 1 90 11 0 0 0 58 2 0 0 0 0 1 10 185 1 0 1 0 0 0 40 89 3 4 66 3 0 0 9 0 0 1 185 22 0 0 0 
1 0 0 0 0 0 0 0 92 3 0 0 0 0 0 34 135 6 0 0 3 6 29 135 6 0 0 0 113 83 31 19 1 0 0 0 0 0 1 0 135 16 0 0 0 0 0 4 135 38 1 6 7 1 0 9 20 5 1 58 135 10 0 1 1 0 0 0 4 31 50 7 135 7 0 0 2 9 3 28 135 42 45 51 2 0 0 20 7 5 21 135 68 2 18 8 0 0 0 38 80 54 51 9 56 18 1 3 23 10 8 46 37 35 41 22 1 0 59 95 0 0 14 40 4 3 120 98 
37 23 0 0 0 0 0 0 137 85 0 0 0 0 0 0 29 12 0 27 44 1 0 0 0 0 0 51 137 4 0 0 38 3 0 0 0 0 0 4 137 29 9 11 0 0 0 12 46 12 19 137 28 0 0 1 0 0 0 131 63 0 15 39 33 8 0 0 8 11 1 6 113 48 60 43 0 0 2 18 6 5 45 137 2 0 35 107 0 0 1 28 3 0 77 137 8 6 1 6 23 4 5 11 29 14 15 5 0 0 22 137 4 0 4 7 3 0 73 137 0 0 12 85 17 1 29 88 
0 0 1 4 132 79 40 1 3 2 0 1 52 28 23 14 0 5 11 2 2 30 11 2 0 0 3 4 1 1 0 0 9 3 0 17 138 4 1 1 107 1 0 4 75 33 31 54 15 0 0 0 2 138 49 14 0 0 0 0 0 57 28 0 21 3 0 21 138 0 0 0 138 41 0 6 63 5 5 10 70 17 0 0 0 127 55 8 0 0 0 0 0 135 127 0 10 2 2 25 138 0 0 0 93 95 0 5 48 0 0 0 53 130 5 0 0 3 3 0 0 13 6 0 0 15 22 0 
32 10 0 0 0 0 0 0 128 62 0 0 0 0 0 2 41 14 0 14 75 9 0 1 0 0 0 19 128 15 0 0 28 2 0 0 0 2 2 4 128 28 8 6 0 0 0 16 61 14 19 128 48 0 1 1 0 0 0 99 94 1 24 17 26 5 0 3 24 26 8 6 112 49 48 23 0 0 7 30 9 8 50 128 5 1 60 99 0 0 4 34 7 3 122 128 9 3 0 19 34 8 28 26 45 14 7 1 0 1 39 128 5 1 5 24 16 2 94 128 0 0 44 126 14 2 30 48 
82 44 0 0 0 0 0 0 176 135 0 0 0 0 0 0 41 18 0 1 1 0 0 0 0 0 0 0 1 0 0 1 74 14 0 0 0 1 1 1 176 65 0 0 0 0 0 4 112 16 0 0 0 0 0 1 1 1 1 0 0 0 0 1 70 1 0 0 0 0 1 34 176 2 0 0 0 0 0 128 100 3 0 0 0 0 1 19 0 0 1 0 0 0 0 0 39 0 0 0 0 0 7 176 145 0 0 0 0 0 0 176 19 0 0 0 0 1 1 16 0 0 0 0 0 1 0 0 
31 0 0 0 1 13 45 62 11 0 0 0 23 81 53 27 31 0 0 0 8 33 72 75 48 5 0 0 21 52 29 15 117 20 0 0 16 33 12 30 66 7 0 0 117 113 15 18 117 12 0 0 42 50 19 56 43 3 0 0 85 105 31 28 117 39 6 8 31 21 1 2 83 25 7 1 40 96 64 19 56 2 25 6 7 33 72 108 7 0 39 19 8 55 64 30 56 72 23 9 4 1 2 1 45 80 100 21 2 6 12 5 3 2 117 54 3 3 11 10 2 1 117 59 4 11 8 6 
1 16 22 4 0 10 118 13 1 7 14 9 1 43 118 1 8 10 11 4 12 58 118 6 2 6 6 23 81 61 19 1 78 83 59 36 11 0 3 3 28 43 73 112 41 3 10 1 54 95 61 30 50 13 15 1 11 4 1 30 118 22 10 9 118 56 22 30 27 0 0 5 71 23 27 118 114 0 0 5 118 35 9 35 66 0 0 18 44 19 3 54 118 0 1 5 8 43 44 14 6 0 0 0 26 37 51 44 7 0 0 1 59 77 64 45 18 0 0 2 9 26 18 68 41 0 0 0 
2 0 0 0 0 9 32 27 39 7 0 0 2 27 39 20 69 11 1 2 18 51 34 47 1 0 0 0 42 73 8 1 100 6 0 0 29 43 30 60 64 7 0 0 92 119 42 28 119 26 0 0 55 44 11 43 10 1 0 0 119 68 2 3 92 6 1 0 30 49 48 64 46 2 6 3 46 109 67 49 54 1 10 45 54 25 61 110 4 0 1 61 119 9 1 5 4 6 88 27 1 10 34 23 2 1 119 59 1 9 16 14 0 0 114 119 11 4 10 5 0 0 12 99 31 0 0 0 
28 0 0 0 0 0 4 80 14 1 9 3 0 1 118 118 5 12 12 1 0 24 118 13 4 5 9 12 3 44 118 2 118 0 0 5 4 0 0 93 59 17 66 112 36 0 10 61 66 97 69 39 8 4 25 4 11 34 68 59 12 12 36 0 118 40 10 18 16 0 0 17 64 23 16 113 118 0 0 5 118 60 27 56 42 0 0 10 74 22 23 86 69 0 0 8 45 37 14 13 8 2 1 12 8 22 18 60 45 2 0 1 17 57 68 27 6 0 0 0 46 39 31 31 8 0 0 3 
1 0 0 0 0 0 0 3 1 0 0 0 0 3 31 31 0 0 0 0 2 30 32 5 0 0 0 0 1 3 0 0 27 0 0 0 0 0 1 15 126 4 0 1 10 27 68 126 12 1 0 4 126 126 69 31 0 0 0 0 29 18 0 0 31 0 0 0 0 20 95 38 126 47 5 11 19 15 24 60 29 16 6 29 126 126 27 14 0 0 0 0 53 80 2 0 3 1 0 0 7 87 109 40 78 15 1 1 6 42 55 126 16 5 0 1 104 126 46 41 0 0 0 0 104 110 5 0 
101 65 2 0 0 0 0 0 128 128 35 19 6 2 0 3 13 41 61 128 68 12 1 2 19 103 79 30 6 1 0 2 56 48 0 0 0 0 0 0 128 116 18 12 24 11 5 45 22 19 26 85 128 29 6 17 2 45 120 36 29 0 0 0 33 15 0 0 0 0 0 0 128 128 75 35 12 1 0 7 11 24 68 128 128 2 0 2 0 0 5 17 24 0 0 0 1 4 0 0 0 0 0 0 2 29 35 5 0 0 0 0 0 3 30 30 1 0 0 0 0 0 0 3 1 0 0 0 
0 0 0 0 0 6 15 2 1 0 0 0 0 2 24 12 44 12 0 0 0 6 20 14 42 13 2 3 15 29 25 36 12 0 0 0 29 105 70 29 65 2 0 0 10 41 88 118 55 6 0 0 52 118 74 27 118 25 0 0 21 38 18 39 55 9 0 0 118 108 13 12 118 19 0 0 43 49 18 57 57 5 0 0 118 118 41 30 118 11 0 2 33 28 32 93 72 24 3 0 27 66 36 7 48 2 16 5 7 35 81 100 15 0 38 17 7 59 59 36 5 0 36 71 16 9 45 49 
54 3 35 71 17 0 5 67 39 90 97 39 4 2 22 5 17 39 51 59 7 14 40 1 7 48 53 16 9 24 50 0 49 12 13 116 117 0 0 8 117 61 23 48 36 0 0 19 72 28 31 117 117 0 0 6 117 63 31 38 32 0 0 16 13 25 29 104 62 2 0 1 75 117 74 33 15 0 0 2 50 41 87 117 46 0 0 3 117 56 26 35 27 0 0 18 1 3 9 33 40 2 0 1 0 12 22 5 5 0 0 0 7 25 28 6 0 0 0 0 13 61 59 17 1 0 0 0 
23 3 0 0 0 0 3 8 52 17 2 4 17 18 23 36 1 1 1 4 61 43 10 2 0 0 0 0 4 2 0 0 25 2 0 0 8 57 73 25 137 15 1 2 12 44 44 95 11 1 0 2 108 137 37 16 0 0 0 0 23 17 0 0 52 2 0 0 122 128 39 28 137 19 0 0 51 43 13 60 55 2 0 1 137 97 5 13 0 0 0 0 80 15 0 0 31 1 3 1 45 90 49 34 54 0 6 24 32 34 80 129 14 0 1 79 137 7 2 19 0 0 0 11 67 1 0 0 
12 0 0 0 0 0 0 6 129 0 0 2 1 0 0 129 65 7 53 76 12 0 22 120 20 69 73 23 1 5 45 5 44 1 0 0 0 0 0 7 129 26 4 16 16 0 0 62 75 15 24 129 129 0 0 14 129 62 29 45 27 0 0 14 34 7 0 0 0 0 0 3 129 112 34 27 10 1 1 13 27 39 39 129 105 2 0 2 87 103 64 35 15 0 0 4 20 5 0 0 0 0 0 4 54 35 21 15 13 3 2 20 1 5 13 47 57 4 1 2 0 17 28 5 3 0 0 0 
0 0 0 0 0 1 2 2 0 0 0 0 0 2 25 16 0 0 0 0 0 14 27 4 1 0 0 0 0 3 22 9 13 0 0 0 0 70 43 15 100 1 0 0 5 30 79 128 23 0 0 0 67 128 82 43 53 1 0 0 14 40 81 99 15 2 9 3 42 128 31 5 128 25 0 0 35 50 9 30 86 7 0 0 128 122 18 19 128 5 0 0 41 41 18 61 2 44 82 21 46 23 0 0 128 46 10 13 34 15 1 2 82 24 15 2 28 83 63 18 29 1 31 5 4 23 58 79 
42 36 36 80 40 1 3 1 65 97 81 50 25 4 7 2 26 22 4 46 127 16 4 5 26 1 0 5 40 51 43 29 61 34 43 117 95 0 0 2 127 43 12 49 56 0 0 22 71 22 8 99 127 0 0 5 127 76 2 12 22 17 15 16 10 33 79 46 4 0 0 0 88 127 84 36 7 0 0 2 12 35 76 127 74 0 0 0 33 127 16 13 8 0 0 0 0 3 3 0 0 0 0 0 0 16 25 2 0 0 0 0 0 3 24 16 0 0 0 0 0 25 9 2 0 0 0 0 
0 0 0 0 0 0 1 1 19 0 0 0 0 0 2 27 24 0 0 0 0 0 104 126 0 0 0 0 0 0 172 21 3 0 0 0 0 0 0 1 125 3 0 0 0 0 0 21 172 2 0 0 0 0 45 144 27 0 0 0 0 0 172 38 3 0 0 0 0 0 0 0 154 5 0 0 0 0 0 0 172 10 0 0 0 0 0 2 63 1 0 0 0 0 3 2 1 2 0 0 0 0 0 0 116 4 0 0 0 0 0 0 172 10 0 0 0 0 0 0 54 2 0 0 0 0 0 0 
0 0 0 0 0 8 46 10 1 0 0 0 0 18 20 11 4 0 0 0 0 0 62 88 0 0 0 0 0 0 133 58 16 3 1 3 11 45 101 56 43 1 0 7 58 108 33 27 133 13 3 0 2 3 54 133 16 5 26 3 0 0 133 96 21 55 84 45 15 7 5 9 44 24 26 105 75 14 1 2 133 133 108 9 3 1 0 11 12 24 133 43 0 0 2 4 0 16 60 13 0 0 0 0 2 11 26 29 1 0 0 0 4 46 75 5 0 0 1 2 0 2 106 18 0 0 10 2 
2 0 0 0 0 0 0 2 18 1 0 0 0 0 18 47 13 1 0 0 0 23 140 69 0 0 0 0 1 85 78 12 4 2 0 0 0 0 0 1 126 47 0 0 0 0 3 31 140 26 0 1 6 37 78 98 27 2 0 3 53 140 85 59 2 1 0 0 0 0 0 0 140 14 0 0 0 0 0 13 140 56 30 23 7 2 0 28 46 45 66 73 51 22 5 14 2 0 0 0 0 0 0 0 128 16 2 0 0 0 0 27 136 36 36 81 33 1 0 45 4 77 86 83 22 0 0 0 
0 0 0 0 0 0 0 2 0 0 0 0 0 1 17 11 0 0 0 0 0 12 20 1 0 0 0 0 0 2 0 0 19 0 0 0 0 1 1 16 73 8 2 2 3 17 79 119 4 2 2 13 71 119 88 22 0 0 0 1 22 17 0 0 36 1 0 0 18 47 14 56 119 48 23 23 12 35 71 113 7 13 25 119 119 57 15 6 0 0 0 15 31 3 0 0 119 0 0 17 85 23 7 119 105 1 1 8 101 119 119 119 0 0 1 25 119 119 14 0 0 0 0 3 14 1 0 0 
0 0 0 0 0 0 0 2 0 0 0 0 0 1 18 13 0 0 0 0 0 12 21 2 0 0 0 0 0 2 0 0 17 1 0 0 0 0 0 11 77 14 2 2 3 14 72 121 6 3 2 9 72 121 88 25 0 0 0 0 26 21 0 0 23 10 0 0 0 0 2 2 121 121 21 8 4 4 8 44 21 32 27 47 109 99 87 48 0 0 0 1 41 101 19 0 3 1 0 0 1 28 98 33 121 44 1 0 4 33 24 50 121 55 1 1 21 121 121 119 3 1 0 0 119 121 27 1 
0 0 0 0 0 0 0 2 0 0 0 0 0 1 21 17 0 0 0 0 0 17 28 3 0 0 0 0 0 4 3 0 19 1 0 0 0 0 0 12 88 21 4 2 2 13 72 126 8 5 6 10 32 126 121 41 1 0 0 0 3 49 126 37 18 12 0 0 0 0 0 1 84 126 70 6 2 3 4 18 94 111 105 37 31 30 24 62 96 110 28 0 2 45 126 126 0 2 0 0 0 0 0 0 2 21 17 0 0 0 1 10 35 118 31 0 0 4 38 34 30 126 126 0 0 15 27 5 
0 0 0 0 0 0 0 3 44 1 0 0 0 0 10 56 137 85 30 13 0 0 6 137 54 32 52 137 20 0 0 70 25 3 0 0 0 0 0 17 107 28 8 5 5 8 52 137 67 92 99 74 71 32 51 41 28 34 133 137 16 0 0 11 20 17 0 0 0 0 0 1 74 137 88 19 3 2 2 14 5 20 93 137 56 6 2 3 21 25 10 35 10 0 0 1 0 2 0 0 0 0 0 0 0 12 18 1 0 0 0 0 0 1 18 12 0 0 0 0 0 3 0 2 0 0 0 0 
6 7 12 8 8 12 31 7 9 65 22 7 23 33 25 3 25 59 5 2 51 129 9 0 0 0 0 0 83 113 0 0 30 10 11 7 19 24 30 16 32 27 8 55 129 20 10 14 129 76 3 20 108 32 1 12 5 1 0 12 129 52 0 0 25 29 64 59 23 8 8 5 29 32 45 23 82 36 22 43 105 4 1 84 88 11 16 89 4 0 0 99 129 0 0 0 4 11 40 17 25 45 28 10 31 15 57 45 2 5 24 52 7 1 38 129 25 0 2 18 0 0 1 95 40 0 0 0 
51 0 0 0 0 0 0 102 30 0 1 20 16 2 26 130 5 10 27 51 36 19 41 36 29 45 26 7 6 9 27 22 130 2 0 0 4 1 0 79 93 14 14 81 113 9 1 61 90 45 18 33 27 24 55 23 21 7 12 7 27 28 56 54 130 67 0 0 4 1 0 5 112 48 1 8 130 97 4 12 130 29 9 12 34 41 9 32 21 24 31 20 23 10 4 4 64 107 0 0 0 0 0 0 45 130 16 0 16 50 5 1 18 44 35 2 7 71 34 4 4 9 35 12 3 10 21 7 
