8 1
70
5.02879 58.9492 2.52768 102.149 0.054095
5.30065 18.2861 2.67606 43.7646 0.0896312
10.9107 15.4787 2.69613 69.3926 0.0835351
16.4457 9.88847 2.04896 8.35986 0.0894631
16.4457 9.88847 2.04896 52.1994 0.0894631
16.519 35.033 3.10091 3.01804 0.0808974
16.5496 27.4454 3.19321 87.5309 0.0759368
16.5496 27.4454 3.19321 335.414 0.0759368
16.5529 42.9286 3.28067 1.0495 0.0701048
16.8127 38.8575 1.83625 92.8298 0.0506711
16.8127 38.8575 1.83625 267.691 0.0506711
16.8327 31.2651 1.88815 86.798 0.0457147
16.8771 52.4765 3.24201 349.145 0.0900925
17.2361 20.7334 5.39095 72.282 0.0235587
19.4388 38.8151 2.84489 0.266113 0.060585
19.7127 31.0741 2.9797 26.56 0.0490138
20.5354 52.1362 1.98228 189.359 0.062762
22.4495 56.4773 5.15833 275.901 0.0595078
23.4109 26.4238 2.96003 101.758 0.0620655
23.8354 33.4243 3.35267 6.93759 0.0509818
23.8354 33.4243 3.35267 194.304 0.0509818
24.1913 41.6999 3.71498 1.25037 0.0466114
24.6059 50.8958 3.52493 281.023 0.0713075
27.8425 38.4125 2.84659 15.9886 0.075798
27.8425 38.4125 2.84659 175.947 0.075798
29.1331 21.6434 5.61484 94.7698 0.0320352
30.895 21.3196 6.41259 95.3696 0.0313452
31.9891 37.6124 2.81937 17.2046 0.0619579
31.9891 37.6124 2.81937 161.665 0.0619579
32.2354 45.9626 2.78091 201.162 0.0668039
32.2354 45.9626 2.78091 332.959 0.0668039
36.6866 54.4267 1.8483 280.77 0.0419297
40.0653 51.6674 4.12427 193.56 0.0773194
40.0653 51.6674 4.12427 281.191 0.0773194
40.977 41.9344 4.42656 181.794 0.0602841
42.4719 27.2355 2.28105 95.738 0.0712631
44.164 38.5743 2.09429 173.299 0.0371627
44.1769 45.0045 2.12134 188.578 0.0387174
47.3787 54.7418 6.90424 197.495 0.034758
48.4676 34.2772 7.55899 179.991 0.0323918
51.2529 44.2735 9.82806 193.871 0.0394359
51.2529 44.2735 9.82806 343.868 0.0394359
55.0544 53.5367 2.08323 48.1 0.0841403
55.0544 53.5367 2.08323 251.86 0.0841403
55.4872 37.1831 2.6309 86.0141 0.0799596
55.4872 37.1831 2.6309 274.117 0.0799596
55.4876 27.1921 2.63278 85.8661 0.0717589
55.4876 27.1921 2.63278 274.105 0.0717589
59.6917 57.2347 4.6352 93.5389 0.0405289
59.6917 57.2347 4.6352 241.003 0.0405289
61.6068 32.2181 4.20442 0.183746 0.0646684
61.6068 32.2181 4.20442 79.9605 0.0646684
61.6068 32.2181 4.20442 279.373 0.0646684
67.5395 28.7815 4.96466 90.3655 0.0532881
67.6522 40.0135 8.95543 192.742 0.0570971
67.6522 40.0135 8.95543 348.094 0.0570971
72.7468 40.1344 2.20419 164.262 0.0624449
72.7468 40.1344 2.20419 263.883 0.0624449
73.39 32.2202 4.19611 100.104 0.0649004
73.39 32.2202 4.19611 179.963 0.0649004
73.39 32.2202 4.19611 260.513 0.0649004
79.4877 37.1806 2.66793 94.1838 0.0790568
79.4877 37.1806 2.66793 265.945 0.0790568
79.4915 27.1899 2.66945 94.0121 0.0709654
79.4915 27.1899 2.66945 265.969 0.0709654
79.9042 53.4082 2.19131 133.264 0.0942787
79.9042 53.4082 2.19131 289.033 0.0942787
83.6662 5.18395 3.10041 175.054 0.107817
90.1746 59.3976 2.14916 77.0137 0.0560779
91.2503 19.5625 2.15768 144.081 0.0926019
1 1 10 36 3 0 0 0 141 55 0 1 0 0 0 0 141 76 0 0 0 0 0 0 1 0 0 0 0 0 0 0 0 0 0 0 0 0 5 2 125 24 0 0 0 0 9 33 141 56 5 1 0 0 1 32 12 2 2 1 0 0 0 0 0 0 0 0 0 0 141 77 27 0 0 2 8 6 141 141 113 12 41 137 49 6 33 116 4 2 20 44 4 0 0 0 0 0 0 0 0 0 141 69 0 0 0 1 11 11 130 52 0 0 2 53 54 8 13 6 0 0 2 15 4 0 0 0 
7 0 0 0 0 0 0 6 151 0 0 0 0 0 0 151 111 0 0 39 55 0 1 151 1 0 0 51 50 0 0 2 42 1 0 0 0 0 0 11 151 11 0 7 6 0 0 136 86 3 1 101 114 0 0 44 1 1 1 43 30 0 0 0 45 7 0 0 0 0 0 2 151 87 2 9 14 0 0 11 61 23 3 64 129 1 0 1 0 0 3 23 12 0 0 0 5 1 0 0 0 0 0 0 141 38 0 1 4 1 1 10 46 18 3 11 68 61 8 10 0 5 14 7 13 25 0 0 
27 64 36 0 0 0 0 0 163 142 14 1 20 2 0 0 29 11 1 3 115 9 0 0 1 7 10 9 12 0 0 0 49 3 0 0 0 0 0 2 163 25 0 0 14 4 0 14 70 3 0 1 152 21 0 4 4 1 1 7 26 1 0 1 51 2 0 0 0 0 0 2 163 31 0 0 12 3 0 17 74 8 0 1 163 22 0 5 1 2 1 6 38 2 0 0 19 7 0 0 0 0 0 0 163 145 0 1 4 0 0 0 55 73 1 3 109 21 0 0 0 0 1 5 39 9 0 0 
1 0 0 0 0 0 0 0 147 34 0 0 0 0 0 0 150 64 0 0 0 0 0 0 13 3 0 0 0 0 0 0 0 0 0 0 0 0 1 2 127 17 0 0 0 0 3 40 150 50 1 1 0 0 0 46 29 5 9 24 0 0 0 1 0 0 0 0 0 0 37 84 24 0 0 2 0 0 73 150 114 4 19 39 0 0 15 150 10 2 42 103 0 0 0 2 0 0 2 8 0 0 113 150 0 0 17 60 0 0 50 150 1 0 37 102 0 0 4 20 3 1 21 40 0 0 0 4 
0 151 48 0 0 0 0 0 0 151 45 0 0 0 0 0 0 45 7 4 9 0 0 0 0 0 0 30 78 0 0 0 0 73 14 0 0 0 0 0 31 151 48 0 0 0 0 1 105 151 14 10 15 0 0 2 4 5 2 48 99 0 0 0 0 1 0 0 0 0 0 0 135 33 1 0 0 0 0 31 151 43 1 11 26 0 0 61 10 2 0 42 94 0 0 2 2 0 0 0 0 0 0 2 149 0 0 0 0 0 0 75 151 0 0 13 40 0 0 79 2 0 0 29 70 0 0 1 
31 28 8 0 0 0 0 3 115 101 24 12 3 5 18 42 20 38 43 70 20 20 32 28 17 41 45 6 1 8 37 35 38 42 6 0 0 0 0 4 117 74 16 7 2 9 28 98 65 18 24 39 20 57 60 63 90 9 4 26 40 6 27 67 39 86 1 0 0 0 0 1 117 117 39 10 2 3 11 39 94 56 76 68 17 23 31 21 117 25 3 11 81 27 2 5 36 71 0 0 3 0 0 1 117 45 2 0 1 5 20 77 89 6 4 2 41 68 61 45 117 9 1 15 31 19 3 7 
32 10 11 15 53 20 1 9 119 54 11 26 20 4 1 55 50 67 33 61 51 9 3 13 21 50 86 3 5 45 58 7 39 11 16 30 23 5 0 3 119 75 17 20 12 22 16 66 34 54 38 61 77 97 18 36 38 53 83 21 32 38 27 52 17 15 2 3 64 40 0 1 80 119 119 29 7 3 2 10 18 68 119 119 35 12 2 7 23 90 119 75 20 9 5 12 2 9 2 2 96 82 0 0 0 6 26 19 26 7 0 0 0 4 38 45 9 0 0 0 0 6 56 50 1 0 0 0 
3 17 71 16 1 0 0 2 4 15 81 1 0 1 14 17 7 18 65 0 0 9 22 4 27 26 39 0 0 1 2 20 42 26 3 1 0 0 0 8 114 20 4 2 2 15 72 114 13 8 6 10 16 114 114 39 11 18 18 1 1 76 108 10 77 14 0 0 0 0 6 72 114 74 43 11 7 29 49 105 43 65 95 49 21 45 43 46 31 60 20 1 4 114 80 22 114 33 5 0 0 1 9 72 63 41 52 27 29 49 46 70 43 10 12 22 16 29 49 114 6 29 35 25 6 41 42 18 
29 46 1 0 1 0 0 1 107 84 21 8 2 4 9 33 70 30 38 39 16 19 16 17 75 9 3 21 69 11 3 10 41 71 0 1 4 0 0 2 138 53 10 2 2 9 28 87 106 13 18 10 24 57 60 42 118 5 3 16 46 36 6 9 50 38 0 0 7 0 0 0 138 59 0 0 14 4 3 16 124 10 0 3 135 22 6 8 98 11 4 32 85 14 1 1 35 6 0 0 7 0 0 0 138 71 6 4 9 0 0 0 70 51 25 63 105 0 0 0 35 84 64 12 32 25 1 0 
0 1 117 14 1 7 18 4 2 2 117 29 7 13 3 1 9 8 117 10 0 0 10 21 0 0 116 9 0 0 47 9 14 2 9 4 16 52 96 35 20 2 16 10 102 113 16 9 117 13 12 1 9 5 25 104 14 5 10 0 0 0 117 45 22 38 77 46 24 9 7 7 15 12 20 112 117 17 1 1 113 117 51 8 13 1 0 7 13 36 117 11 0 0 5 5 0 18 110 30 1 0 0 0 0 4 37 81 7 0 0 0 1 37 55 13 1 0 0 0 0 6 112 35 0 0 0 0 
0 0 0 0 0 12 118 21 0 0 0 0 3 53 66 10 3 0 0 0 1 7 33 60 1 0 0 0 0 14 96 23 0 0 13 8 15 41 118 1 10 0 1 16 118 117 42 7 118 8 0 1 19 13 24 118 21 5 3 4 18 42 103 52 0 5 118 38 11 3 12 0 12 4 28 114 108 10 15 1 118 101 14 10 16 2 13 12 20 51 82 34 18 3 4 4 0 1 29 4 0 7 118 0 1 0 7 14 6 21 118 1 9 19 5 1 1 6 118 12 1 11 28 7 1 7 115 2 
8 22 43 63 17 16 22 8 17 62 26 45 25 36 7 1 15 76 112 0 1 1 9 14 0 9 112 3 2 9 17 2 23 7 4 7 21 48 80 45 19 5 4 12 112 112 20 14 101 13 13 1 10 8 48 112 6 2 16 5 37 84 95 23 20 53 112 54 20 4 3 4 26 21 32 112 112 6 0 2 112 112 49 9 7 1 3 19 9 25 86 79 56 15 7 5 0 14 91 23 1 0 0 0 1 10 35 57 3 0 0 0 4 71 78 5 1 0 0 0 0 12 112 47 2 0 0 0 
24 5 0 2 7 0 0 2 129 5 0 1 2 0 1 46 82 0 0 19 70 11 5 29 68 1 1 24 30 3 1 21 43 3 0 1 3 0 0 5 129 40 7 11 7 0 0 43 81 38 19 92 73 0 0 10 65 53 16 16 58 16 0 7 17 10 0 0 1 14 41 1 81 129 62 18 1 5 19 1 10 77 120 129 12 2 5 0 7 129 129 8 5 6 1 0 0 0 0 0 0 46 129 0 1 9 10 1 0 53 129 0 0 4 18 9 0 49 129 0 0 19 24 1 0 28 91 0 
0 37 66 12 80 8 0 0 0 2 8 39 113 6 0 0 45 0 1 12 52 3 1 58 46 1 1 7 10 3 1 45 70 132 132 14 17 0 0 0 43 55 24 61 75 2 0 1 108 14 10 14 11 1 1 49 23 36 17 4 8 16 6 17 132 106 7 0 1 0 0 0 132 55 4 9 88 10 0 2 53 64 78 12 20 1 0 6 9 60 106 14 2 0 0 1 129 82 0 0 0 0 0 0 106 111 6 5 39 15 9 5 1 8 35 13 24 57 35 2 0 18 90 16 4 27 18 0 
67 24 4 0 0 0 10 50 27 15 20 21 20 48 61 43 103 5 3 10 15 16 22 58 10 2 26 48 35 5 42 11 81 87 17 0 0 0 4 19 41 58 93 71 24 19 25 17 123 21 11 25 35 8 3 5 33 2 7 31 123 28 6 8 122 32 3 0 0 0 12 61 61 8 15 6 41 73 87 60 123 5 2 4 30 29 10 13 29 5 12 32 62 63 21 11 123 37 0 0 0 0 0 4 113 6 0 1 123 10 2 6 123 4 0 4 72 4 0 0 24 12 14 51 115 10 1 0 
10 3 6 5 0 1 31 62 23 10 11 3 2 6 61 108 14 13 39 20 2 2 108 83 0 0 20 36 1 1 55 39 107 82 20 5 2 3 24 72 25 33 51 77 61 22 45 37 104 39 66 28 11 2 13 53 14 3 15 50 57 12 34 42 50 108 39 3 0 0 0 3 84 54 43 41 17 14 58 63 108 75 6 20 24 24 44 26 43 58 2 12 106 80 5 5 36 57 13 0 0 0 0 1 82 108 63 23 7 4 6 20 33 62 42 76 23 11 29 19 79 102 2 1 8 34 11 4 
0 0 8 2 0 2 16 0 13 0 4 1 0 1 8 25 20 0 1 0 0 7 95 89 0 0 0 0 3 80 90 7 0 0 0 0 0 33 127 11 57 0 0 0 1 103 111 29 127 11 0 0 0 15 46 94 22 2 0 0 70 127 50 13 6 36 11 0 2 32 116 14 17 2 0 0 66 127 57 6 127 28 0 0 21 37 8 10 52 10 0 0 110 38 0 0 79 90 11 0 3 2 0 0 15 7 0 0 120 44 0 0 122 28 0 0 60 21 0 0 59 15 0 0 54 18 0 0 
0 0 0 3 19 1 0 0 7 0 12 32 136 25 14 28 14 1 32 10 7 4 136 128 2 2 12 1 2 14 136 73 0 0 0 0 12 2 0 0 62 29 1 2 136 28 5 28 136 91 4 1 8 2 72 120 15 12 10 3 10 35 115 33 0 0 0 0 4 1 0 0 75 8 1 1 136 29 0 6 136 49 25 11 19 5 1 27 46 44 51 18 4 8 14 30 0 0 0 0 1 0 0 0 44 1 0 0 90 29 0 5 136 18 2 2 19 14 8 27 45 46 9 7 4 12 17 33 
48 14 0 0 16 14 0 1 131 63 0 0 21 9 0 3 62 14 0 0 64 32 2 2 15 13 27 11 71 78 54 7 44 3 0 0 38 73 2 8 131 33 2 4 18 12 2 42 86 46 17 29 93 31 4 12 36 55 80 13 4 41 85 11 18 11 18 20 54 49 1 1 131 131 17 15 14 6 2 10 36 62 47 74 75 60 24 14 43 62 107 16 11 32 12 29 1 3 13 27 26 24 0 0 127 79 7 8 6 1 1 9 74 63 61 60 38 48 24 22 32 50 64 64 35 27 5 13 
22 13 9 14 9 19 91 55 17 34 31 11 4 18 107 65 0 3 38 12 1 28 116 10 0 0 31 6 0 0 116 21 42 57 47 53 11 19 31 36 90 38 34 29 12 13 32 87 10 6 62 62 32 10 68 25 4 6 92 26 3 5 35 10 75 66 41 34 16 22 32 44 116 50 16 30 45 20 14 25 61 11 22 68 116 57 12 24 86 9 35 17 24 57 28 81 75 43 25 12 4 18 39 56 116 30 9 10 16 33 31 16 62 17 10 31 76 82 19 19 56 55 15 18 19 25 13 47 
27 22 14 29 41 74 31 25 60 77 15 9 79 32 5 21 9 29 45 23 112 52 15 21 2 5 21 34 70 76 35 18 20 59 28 70 112 8 16 13 112 90 13 16 63 22 13 45 37 23 19 22 112 73 15 30 14 22 39 51 80 60 32 28 6 13 27 20 13 7 84 47 49 8 56 29 12 5 52 73 14 8 30 73 96 38 43 27 20 15 33 28 34 52 47 66 0 0 69 32 0 0 33 15 0 8 112 30 0 1 33 21 3 10 112 68 13 24 35 10 8 12 85 70 13 8 6 7 
76 42 17 6 2 6 15 35 79 16 10 12 20 8 13 51 18 6 27 67 62 11 8 20 10 13 47 12 9 19 9 17 113 55 22 3 1 7 28 57 119 22 13 7 25 21 21 29 44 12 8 27 84 76 27 57 28 15 7 12 24 74 31 71 119 26 0 2 20 14 18 42 111 17 2 18 52 19 13 15 29 67 37 83 104 32 6 7 15 99 52 82 20 9 6 9 119 81 19 32 16 0 0 0 27 89 96 68 33 4 0 0 7 47 119 18 63 61 15 3 4 21 84 14 6 15 34 13 
51 21 2 0 57 20 3 42 50 50 55 2 0 0 75 113 2 3 74 20 1 1 103 48 3 3 19 33 29 20 61 15 30 40 6 1 115 36 0 2 122 90 54 4 1 0 6 73 26 9 76 38 1 0 70 77 3 20 53 24 4 2 77 24 30 2 0 0 122 51 0 1 122 47 3 13 16 3 0 18 50 21 58 99 59 12 8 40 35 37 50 18 6 10 16 87 12 1 0 0 122 46 0 1 122 41 0 0 19 8 0 2 63 30 13 6 66 29 6 21 22 56 54 6 4 4 9 46 
35 10 29 12 9 2 37 53 3 2 55 68 23 3 54 25 8 4 90 52 2 10 40 28 10 41 83 32 11 28 17 8 107 51 1 8 48 15 5 13 42 10 22 56 114 71 6 8 114 17 21 12 15 41 34 66 24 10 4 4 45 114 42 19 114 82 4 13 14 15 11 3 40 16 4 14 76 114 42 17 107 51 30 17 11 27 36 68 15 20 10 34 68 48 16 7 81 39 0 0 31 41 16 3 54 32 5 32 100 26 2 0 15 114 52 43 75 26 5 2 10 78 42 40 69 2 7 4 
51 6 3 2 13 20 31 96 16 2 2 4 87 112 29 27 114 8 2 2 25 32 31 88 47 1 0 10 114 0 0 12 86 84 26 17 11 3 7 16 20 23 35 110 83 24 9 5 95 85 36 24 26 9 16 35 25 16 4 25 114 1 1 5 77 72 26 14 12 18 50 9 28 22 34 104 91 16 50 18 114 20 5 13 37 2 16 68 28 5 2 14 114 8 9 18 1 6 50 1 0 14 81 3 2 8 55 4 3 17 104 15 28 12 59 16 13 3 35 54 11 14 19 55 71 3 4 9 
12 16 1 2 97 24 0 0 38 1 0 0 107 26 3 12 94 4 1 4 3 5 79 64 6 9 17 21 7 3 113 49 2 9 4 5 90 81 0 0 60 4 1 3 127 58 1 3 127 15 0 3 15 7 2 13 23 23 9 16 33 20 14 25 0 1 45 24 110 106 0 0 36 6 4 28 111 44 3 6 127 40 17 7 9 8 4 20 8 31 51 13 8 20 28 11 14 125 127 35 28 9 0 0 34 93 29 20 69 30 0 0 52 67 54 25 14 8 0 0 2 21 115 57 5 0 0 0 
3 8 1 8 73 15 0 0 9 1 2 3 132 22 4 10 30 1 5 7 7 7 94 63 2 3 4 6 2 5 132 42 0 1 0 3 85 91 1 0 36 1 0 1 132 53 0 5 132 9 0 2 14 8 13 35 29 10 3 9 16 9 20 20 0 0 44 24 98 95 0 0 20 3 9 16 132 52 1 5 132 35 10 2 13 10 2 14 17 18 42 4 4 12 13 9 3 60 132 49 16 4 0 0 26 131 95 31 56 7 0 0 30 63 54 16 17 5 0 0 1 12 132 47 1 1 0 0 
0 0 46 34 1 1 52 27 0 0 68 43 0 1 55 34 3 27 99 39 2 2 42 30 14 67 25 2 20 43 34 10 11 5 37 85 92 16 24 13 81 16 86 56 10 19 38 49 20 30 55 34 43 113 45 17 113 104 13 1 17 27 9 22 29 13 1 7 113 110 16 6 113 22 3 3 20 43 34 74 42 7 2 12 47 113 40 19 58 37 32 24 14 32 42 57 43 25 1 15 38 45 13 2 24 74 54 47 38 19 23 28 17 88 27 32 82 8 1 2 30 49 35 51 98 5 2 3 
30 5 19 57 41 18 2 18 29 33 23 15 30 43 59 75 18 2 1 6 91 41 21 78 39 5 2 2 91 51 34 59 32 10 20 104 114 15 2 9 114 78 31 32 14 3 3 20 41 22 44 114 51 12 3 6 65 53 34 26 16 21 32 43 12 18 24 8 79 108 38 4 77 59 36 21 8 61 86 13 32 20 40 114 49 34 49 36 114 19 7 23 22 1 8 93 0 33 49 1 1 35 45 0 0 37 54 1 1 47 65 0 6 32 38 2 3 42 91 32 22 12 25 36 26 1 17 59 
0 0 9 12 1 6 113 60 0 0 46 41 1 1 110 93 6 47 100 31 2 3 62 51 19 66 14 0 17 48 37 8 12 4 43 99 70 17 30 9 66 10 70 60 5 24 51 57 30 39 44 25 11 113 61 18 113 84 5 0 12 23 11 25 29 8 2 9 105 113 20 10 113 19 3 2 7 31 35 74 35 6 2 10 27 113 48 19 46 39 35 25 17 21 31 41 29 16 1 11 31 55 20 4 24 55 49 39 28 16 23 29 17 81 20 18 64 11 0 1 24 38 21 32 93 17 2 4 
30 2 16 52 17 1 0 43 21 29 33 33 42 38 33 26 18 3 0 8 36 14 36 105 9 5 3 27 112 30 13 17 18 5 13 112 109 15 1 12 112 64 32 43 14 4 3 20 50 19 41 105 23 5 2 12 24 31 32 25 37 40 39 29 7 54 34 10 67 98 21 2 73 63 34 14 8 84 56 9 25 30 66 112 11 26 20 24 112 35 20 29 4 0 4 75 0 112 76 0 0 9 4 0 0 112 72 1 1 53 34 0 13 43 12 7 3 56 93 48 27 1 1 51 26 1 19 86 
28 0 0 0 19 7 0 5 129 40 0 0 0 0 0 2 129 56 0 0 50 16 0 0 20 19 5 3 125 35 0 1 28 0 0 0 44 17 0 5 129 26 0 0 0 0 0 9 129 58 0 0 29 13 0 12 16 5 4 3 129 94 10 1 23 0 0 0 75 29 0 3 129 8 0 0 0 0 0 56 129 17 0 0 3 8 2 119 16 2 2 0 24 97 59 14 11 1 0 0 91 34 0 1 92 63 0 0 0 0 0 6 93 129 38 0 0 0 0 16 3 34 109 10 0 4 9 2 
0 0 61 27 0 0 0 0 0 0 100 49 0 0 8 5 0 0 115 68 0 2 41 5 0 0 95 50 0 1 68 14 15 1 85 39 7 12 2 10 87 2 51 23 2 3 84 142 8 1 21 30 13 23 142 61 3 12 23 13 1 4 142 65 41 3 0 12 35 15 3 7 142 46 0 4 16 5 9 54 67 13 13 54 103 56 37 44 32 13 21 15 6 54 56 60 19 1 0 7 5 2 11 6 142 51 0 0 2 4 1 6 89 34 6 18 47 67 15 21 25 50 18 24 23 22 17 30 
56 8 0 0 109 45 0 2 145 53 3 11 23 11 1 3 55 56 28 15 23 15 5 56 20 33 25 44 15 24 20 25 35 3 0 0 123 57 0 3 145 53 7 1 24 29 11 32 40 46 62 10 15 60 98 53 16 26 79 29 6 20 50 66 8 5 0 0 109 41 0 0 84 145 85 1 53 19 2 5 10 58 145 32 0 5 18 6 1 9 145 41 0 0 4 6 0 0 0 0 72 24 0 0 2 11 15 1 82 30 10 13 2 8 45 2 0 14 32 12 13 7 24 1 0 5 3 3 
15 0 2 29 38 14 5 8 143 1 2 5 8 4 28 123 33 3 15 50 37 49 126 46 10 17 25 9 3 20 138 12 34 0 0 15 4 6 15 14 143 7 0 5 18 12 1 67 74 13 10 40 85 78 27 78 31 20 13 15 16 91 44 73 32 2 2 11 34 53 25 6 143 60 0 8 15 6 1 16 78 72 18 58 86 48 13 13 30 69 29 68 28 16 17 17 11 0 6 20 24 28 13 7 143 49 2 0 4 4 2 27 52 40 17 5 28 48 21 8 8 8 12 6 5 10 41 15 
0 0 0 0 18 4 1 1 0 0 0 1 11 11 28 11 0 0 0 0 9 34 27 2 0 0 0 0 8 10 19 4 14 0 0 0 16 4 1 8 99 1 0 0 3 23 75 128 12 0 0 0 40 133 105 51 5 0 0 0 3 25 133 133 32 3 0 0 16 2 0 1 133 29 0 0 11 10 5 29 97 7 0 0 133 103 15 43 108 8 6 19 12 12 36 133 16 2 0 0 14 2 0 0 133 39 0 0 7 1 0 0 112 16 0 0 129 22 0 1 98 22 4 30 56 5 0 1 
1 0 0 0 0 1 7 1 86 4 0 0 0 0 2 73 146 7 0 0 1 0 0 146 23 0 1 6 78 41 3 15 2 0 0 0 0 3 8 1 146 43 0 0 0 0 2 15 146 78 0 3 5 0 0 25 18 4 20 89 64 11 2 2 0 0 0 0 1 3 10 1 146 5 0 0 0 0 4 32 146 8 0 3 18 0 0 51 19 0 4 56 146 7 0 2 0 0 0 0 0 1 9 1 137 9 0 0 0 0 3 21 146 37 3 0 12 3 0 25 7 5 5 3 115 84 9 1 
2 0 0 0 0 0 4 2 144 24 0 0 0 0 1 4 144 43 0 4 26 2 0 4 5 1 14 61 144 16 0 0 1 0 0 0 0 0 6 2 144 23 0 0 0 0 1 10 144 55 0 0 21 6 0 8 16 2 0 0 144 94 8 1 1 0 0 0 0 0 7 3 144 9 0 0 0 0 1 51 144 28 0 0 3 3 0 71 18 3 2 17 44 79 21 3 1 0 0 0 0 1 6 2 79 49 0 0 0 0 2 6 144 144 0 0 1 0 0 6 25 18 2 28 83 7 0 0 
0 0 0 0 0 0 0 0 0 0 1 0 0 0 0 0 0 0 4 7 0 0 0 0 0 0 14 17 0 0 7 2 2 3 40 9 0 1 2 5 14 4 65 49 11 10 4 6 61 7 48 31 3 6 78 82 5 0 14 24 2 7 132 81 23 7 51 15 25 15 61 132 56 6 16 41 132 51 27 41 132 53 5 4 11 15 39 71 37 10 10 8 4 20 101 71 38 10 0 4 63 77 106 101 14 2 0 21 126 132 67 9 132 113 1 3 13 25 18 7 55 59 24 15 5 8 14 8 
6 0 0 3 33 37 120 43 36 1 1 20 82 25 15 27 110 1 1 2 3 7 52 118 2 0 0 0 0 19 120 23 34 7 1 15 120 71 33 21 68 1 0 8 120 97 9 21 120 21 3 0 1 4 11 47 13 13 13 3 3 1 31 14 18 19 38 57 81 12 5 1 34 3 2 20 108 50 11 6 120 85 31 0 3 5 8 9 9 35 96 5 1 0 2 3 0 2 14 15 2 65 103 0 2 1 1 9 11 56 120 2 6 19 12 0 1 8 120 16 1 10 32 1 1 4 91 22 
1 0 0 0 0 0 1 2 4 0 0 0 2 2 1 4 14 0 0 0 1 1 28 31 0 0 0 0 1 14 104 25 34 2 0 0 0 6 91 89 31 0 0 0 39 92 73 53 124 13 0 0 10 14 45 114 22 7 2 1 17 23 124 81 124 19 2 1 6 17 48 99 33 9 3 8 124 124 45 27 124 86 6 0 27 56 7 15 37 59 68 14 11 2 3 6 107 31 7 3 2 0 23 56 13 18 15 34 75 38 69 8 20 23 4 2 24 35 117 26 8 20 35 3 0 2 72 65 
29 2 4 1 5 35 44 44 2 13 39 19 82 72 16 0 44 103 55 9 18 2 3 22 9 123 65 7 6 5 9 15 27 54 102 24 15 8 3 14 21 12 25 123 123 12 1 1 123 32 8 31 26 3 6 62 35 11 18 83 87 21 17 38 1 80 123 31 2 0 0 0 35 16 49 123 32 0 0 7 123 104 117 28 4 0 0 12 14 36 99 123 60 1 0 2 0 1 1 1 0 0 0 0 3 2 3 5 1 0 0 1 2 15 43 9 0 0 0 0 0 12 34 30 13 2 3 2 
19 2 0 4 0 0 0 0 149 12 0 2 3 0 0 11 99 5 0 55 149 0 0 3 0 0 0 30 132 0 0 0 32 2 0 5 0 0 0 3 149 28 6 15 9 0 0 37 75 9 7 149 149 0 0 6 0 0 0 54 89 0 0 1 15 12 1 4 0 0 0 0 103 144 65 29 3 0 0 3 10 28 64 149 74 0 0 1 2 0 0 38 24 0 1 48 0 1 1 5 1 0 0 0 0 18 21 7 0 0 0 0 2 3 18 31 3 0 0 34 13 0 0 5 2 0 1 149 
5 0 0 66 93 0 0 4 5 0 0 1 1 3 23 20 2 0 0 0 0 13 21 4 4 0 0 0 0 1 0 3 38 0 0 39 49 0 0 15 125 1 0 0 4 34 78 131 9 0 0 0 69 138 73 20 3 0 0 0 13 16 1 3 67 4 0 11 12 0 0 5 138 48 0 0 12 20 7 28 60 9 0 0 138 138 7 8 1 0 0 0 58 51 0 2 37 5 0 1 1 0 0 3 138 102 0 0 2 2 0 0 94 47 0 0 110 137 0 1 0 0 0 0 77 132 0 0 
14 7 25 41 120 0 0 1 144 46 19 5 15 0 0 13 60 15 36 92 144 0 0 3 0 114 115 25 28 1 0 0 30 1 0 29 144 0 0 2 144 25 4 10 29 0 0 22 59 8 5 70 144 0 0 4 0 17 11 12 69 0 0 0 13 7 5 43 43 0 0 0 102 122 74 26 7 0 0 1 10 26 73 144 116 0 0 0 0 0 0 13 35 0 0 0 0 1 1 5 13 1 0 0 0 9 21 7 8 1 0 0 0 1 18 22 9 1 2 0 0 0 0 3 10 2 1 0 
9 4 6 0 0 0 0 2 9 2 2 0 0 1 18 21 10 1 0 0 0 9 20 6 16 1 0 0 0 1 2 12 38 1 0 0 0 0 0 10 128 1 0 0 8 28 77 139 10 0 0 0 94 134 74 23 90 2 0 0 13 8 4 37 59 4 0 0 0 6 7 3 147 25 0 0 38 13 6 26 48 3 0 0 147 66 5 6 146 11 0 0 42 6 0 2 18 1 0 0 0 90 123 9 147 12 0 0 21 14 50 62 46 2 0 0 147 83 19 9 72 3 0 0 28 21 55 35 
18 0 0 4 22 0 0 2 156 0 0 3 17 0 0 29 74 1 17 90 156 0 0 7 65 34 70 35 48 0 0 3 31 1 0 3 22 0 0 2 156 27 5 11 31 0 0 25 63 9 5 76 156 0 0 4 138 3 0 10 75 0 0 10 13 8 1 4 22 0 0 0 105 128 85 30 9 0 0 1 11 27 79 156 131 0 0 0 74 40 5 14 31 0 0 1 0 1 0 3 23 0 0 0 0 8 23 10 15 3 2 0 0 1 19 26 16 3 1 0 1 9 5 5 13 0 0 0 
16 3 1 0 0 1 2 3 16 5 3 0 0 1 18 24 17 3 1 0 0 8 21 8 24 2 0 0 0 0 0 0 37 0 0 0 29 40 8 12 143 1 0 0 8 28 82 152 11 0 0 0 94 137 82 27 23 2 0 0 13 8 1 0 58 4 0 0 144 30 0 1 159 29 0 0 40 14 6 27 52 4 0 0 159 68 5 6 20 2 0 0 44 6 0 0 27 2 0 0 121 43 31 12 159 18 0 0 26 4 17 50 55 3 0 0 159 32 0 5 16 1 0 0 48 5 0 0 
0 0 0 96 125 36 45 32 58 4 0 99 123 26 3 3 125 9 0 2 3 1 1 2 0 0 0 0 0 0 0 0 0 43 86 34 118 125 1 0 45 5 4 8 83 125 5 9 125 2 0 0 4 18 3 12 2 0 0 0 0 0 0 0 0 125 109 22 21 14 0 0 18 73 74 46 102 103 2 4 125 8 3 10 24 19 1 9 5 0 0 0 0 0 0 0 0 25 16 7 10 15 48 0 17 30 67 26 4 17 31 1 125 22 7 8 2 2 2 1 7 1 0 0 0 0 0 0 
0 0 0 0 0 0 0 0 0 0 0 23 13 0 0 0 2 4 1 103 68 10 13 2 41 126 9 13 7 10 8 3 0 0 0 3 1 0 0 0 16 3 3 116 38 0 0 3 81 4 2 54 39 55 55 71 4 18 2 0 49 104 26 9 0 0 0 46 20 0 0 0 61 14 6 130 55 0 0 4 130 38 2 11 25 47 9 32 25 2 0 0 94 130 26 28 0 0 0 91 54 1 3 11 27 4 1 61 27 1 39 130 130 22 2 0 1 9 41 130 47 8 1 0 9 122 93 53 
18 6 12 0 0 0 20 28 4 6 18 0 0 0 111 18 1 11 27 0 0 2 111 10 0 7 40 2 1 7 111 1 37 69 39 2 1 0 11 21 22 71 111 0 0 0 71 24 97 75 24 6 22 8 99 35 6 1 34 70 74 28 73 3 46 37 20 1 1 0 27 51 30 44 68 0 0 0 111 78 111 38 7 3 26 16 21 111 7 1 11 35 99 97 31 4 17 47 44 2 2 0 1 4 70 72 106 0 0 0 5 39 111 56 33 13 14 1 1 29 3 7 28 49 111 31 1 0 
69 0 0 36 47 0 0 21 103 3 6 1 28 54 35 51 20 4 5 1 25 57 107 78 9 0 0 3 47 73 86 30 107 2 1 20 20 0 0 29 107 33 98 68 21 6 11 24 27 107 107 22 2 9 42 13 1 31 96 28 25 25 37 4 107 19 9 13 13 0 0 17 68 19 25 107 107 0 0 8 107 63 35 64 46 0 0 11 3 87 106 84 52 1 0 0 14 26 28 15 6 3 2 0 17 22 31 67 21 3 1 0 40 49 53 56 23 1 0 2 1 17 11 54 39 0 0 0 
35 2 10 2 1 7 23 45 29 2 2 0 14 44 36 35 52 3 0 0 15 33 42 61 23 2 0 0 21 29 9 2 113 7 0 0 7 21 41 50 83 5 0 0 100 108 30 31 113 12 0 0 64 41 20 50 28 1 0 0 103 40 2 2 45 15 4 0 1 24 113 87 17 1 14 15 18 99 113 58 28 4 34 12 68 46 95 89 29 1 2 2 113 50 2 4 44 34 85 38 0 0 11 20 5 26 91 99 29 5 13 3 26 68 104 53 45 5 6 2 25 16 5 5 113 24 0 0 
8 0 0 4 119 31 1 6 47 0 0 1 41 45 28 39 30 0 0 0 38 64 34 53 9 0 0 0 47 91 43 26 25 1 0 33 119 5 0 1 119 6 3 4 35 34 29 33 25 8 14 1 19 59 119 98 6 3 8 6 25 75 119 46 31 3 0 61 119 0 0 0 119 37 29 32 18 1 6 7 21 89 119 51 13 2 27 15 4 40 119 70 24 9 16 5 17 6 1 30 98 0 0 0 73 40 22 39 31 0 0 0 32 57 34 63 43 0 0 0 10 30 46 81 52 0 0 0 
7 5 3 8 3 1 4 3 9 3 1 1 1 6 48 30 13 2 1 3 31 16 27 40 84 3 1 3 14 4 26 46 78 27 5 16 20 14 11 23 126 26 0 0 6 22 126 119 20 2 0 2 126 126 85 58 126 35 0 1 30 39 12 20 57 3 0 0 3 28 29 42 126 70 11 4 10 8 7 54 31 30 24 40 126 96 7 5 61 37 4 6 43 61 17 6 19 2 0 0 0 15 24 22 62 23 11 3 0 3 79 85 5 9 24 37 13 24 126 13 2 2 1 7 10 22 126 15 
14 18 33 16 63 31 8 2 46 80 46 2 2 3 25 40 2 91 112 12 17 19 29 11 0 13 112 45 44 42 3 0 51 23 7 80 122 4 0 6 122 41 7 11 18 8 14 78 21 5 12 116 122 31 19 25 4 36 38 75 31 1 0 0 53 16 17 90 49 1 1 32 122 99 122 43 11 1 0 28 9 39 95 122 122 1 1 2 19 31 21 62 29 0 1 4 6 3 5 7 2 1 1 5 3 21 49 20 4 1 0 1 3 25 35 29 36 5 6 7 10 1 1 5 14 3 10 24 
1 0 0 0 0 3 8 0 108 54 0 0 0 1 2 1 126 81 0 0 20 19 0 0 6 1 0 0 89 118 22 13 0 0 0 0 0 74 126 0 85 10 0 0 0 40 105 21 126 32 0 0 2 5 13 34 24 1 0 1 12 51 34 11 0 56 98 0 0 60 117 0 10 39 54 0 0 75 126 26 83 15 4 0 0 5 71 100 12 0 0 7 12 2 2 6 0 60 109 0 0 1 1 0 43 126 113 0 0 1 5 7 76 64 10 0 0 0 4 13 3 1 8 22 11 3 0 1 
49 48 3 1 0 0 29 116 30 10 17 3 0 2 5 22 0 5 13 2 0 3 11 2 0 1 13 5 1 17 15 1 1 0 101 94 0 0 22 55 11 27 132 81 0 0 1 6 69 96 82 24 14 0 0 1 4 6 86 99 42 0 0 0 1 1 113 132 0 0 0 0 92 20 99 40 0 0 0 9 132 31 12 15 61 0 0 28 9 1 14 67 132 0 0 1 5 1 6 8 0 0 0 1 119 1 0 0 0 0 0 17 132 2 0 14 71 0 0 31 3 0 0 29 132 0 0 0 
13 0 0 8 19 16 28 25 17 0 0 1 20 67 31 22 39 2 0 0 21 60 55 48 0 0 0 0 34 72 18 18 102 15 0 0 33 24 9 19 66 8 0 0 106 106 25 18 106 11 0 0 44 63 34 62 3 0 0 1 48 82 103 90 106 28 0 1 64 10 1 2 106 24 11 6 20 66 97 32 26 12 41 9 2 21 106 106 1 4 37 26 24 27 91 31 69 23 0 4 59 0 0 0 101 51 34 53 27 1 6 3 19 76 106 56 24 1 5 4 9 28 83 73 48 3 0 0 
19 4 1 0 0 0 40 75 72 42 5 0 0 0 100 73 110 29 1 1 15 14 32 53 3 0 1 29 110 50 28 7 46 50 27 0 0 0 19 42 30 77 110 0 0 0 65 44 110 110 21 15 26 3 6 36 7 4 30 95 97 35 11 1 36 21 11 0 0 1 39 69 22 23 69 0 0 0 110 70 96 34 97 7 21 5 23 74 6 3 72 28 72 68 33 1 19 27 17 0 0 11 33 11 4 18 110 0 0 1 57 9 1 9 110 3 0 10 45 1 0 1 110 8 1 8 18 0 
43 19 11 0 0 37 86 33 5 3 12 5 28 96 90 26 25 2 5 5 43 52 103 67 12 0 0 24 112 5 5 16 43 82 112 25 1 0 4 15 16 56 112 97 18 15 14 1 27 88 93 45 65 12 33 4 20 2 2 47 112 2 2 16 112 53 42 22 7 0 0 6 81 30 29 106 97 0 0 5 112 49 19 40 61 0 0 12 62 1 2 37 92 0 0 15 37 71 23 7 1 0 1 1 30 38 35 43 13 0 0 1 52 60 41 32 14 0 0 3 67 4 9 27 18 0 0 13 
0 0 0 0 13 6 1 1 0 0 0 0 6 15 22 8 0 0 0 0 3 54 24 1 0 0 0 0 2 59 9 0 12 0 0 0 43 44 6 7 99 1 0 0 8 26 72 116 10 0 0 0 112 141 71 25 0 0 0 0 31 28 1 0 28 2 0 0 141 30 1 1 141 22 0 0 29 10 4 23 59 4 0 0 141 70 5 8 0 0 0 0 63 13 13 25 12 1 0 0 122 42 26 6 141 14 0 0 14 6 22 47 60 3 0 0 141 94 39 17 0 0 0 1 24 24 111 128 
15 9 121 106 0 0 0 1 144 65 54 16 21 0 0 10 43 9 22 83 144 0 0 2 73 37 58 20 25 0 0 3 54 4 9 10 0 0 0 3 144 25 5 13 37 0 0 23 48 6 5 63 144 0 0 3 144 2 0 5 39 0 0 11 36 30 0 0 0 0 0 0 124 134 75 27 8 0 0 1 10 23 71 127 91 0 0 0 90 38 5 7 12 0 0 2 4 68 2 0 0 0 0 0 6 52 19 1 0 0 0 0 10 10 19 8 0 0 0 0 16 12 3 1 0 0 0 1 
0 0 0 41 50 1 0 1 0 0 0 1 17 10 21 7 0 0 0 0 16 24 17 1 1 0 0 0 12 6 6 8 12 0 0 5 41 13 1 7 99 1 0 0 9 29 80 118 10 0 0 0 125 150 75 26 73 1 0 0 28 13 7 41 28 2 0 0 75 26 0 1 150 22 0 0 31 11 4 25 60 4 0 0 150 71 5 8 140 10 0 0 68 9 0 3 16 2 0 1 98 10 0 0 150 26 0 0 18 3 0 0 70 6 0 0 150 87 19 1 67 3 0 0 43 31 71 35 
24 11 34 44 120 0 0 1 154 52 20 4 26 0 0 17 52 5 0 30 154 0 0 3 57 0 0 4 44 0 0 9 52 1 0 31 145 0 0 4 154 25 5 13 39 0 0 27 51 6 5 64 154 0 0 3 85 5 0 5 39 0 0 2 34 11 9 40 29 0 0 0 137 142 78 27 8 0 0 1 11 26 78 128 90 0 0 0 58 10 1 7 11 0 0 4 16 4 2 1 0 0 0 1 18 21 17 1 0 0 0 1 19 7 19 7 0 0 0 4 41 1 0 0 0 0 1 63 
0 0 0 0 0 0 0 1 0 2 0 0 0 2 15 15 3 75 0 0 1 14 14 2 10 148 0 0 0 1 0 0 16 0 0 0 0 0 1 11 102 3 0 0 4 34 65 146 10 3 0 0 70 148 60 26 3 86 0 0 13 16 0 0 28 2 0 0 0 4 34 8 148 26 0 0 11 20 11 44 74 4 0 0 148 148 7 10 0 3 0 0 67 45 1 0 11 0 0 0 0 5 23 7 148 1 0 0 3 3 5 33 89 0 0 0 148 82 1 8 0 0 0 0 94 63 7 0 
14 7 0 0 4 3 0 1 139 7 0 2 1 0 0 68 111 1 1 135 83 0 0 42 0 1 2 132 60 0 0 0 34 1 0 0 28 21 0 3 139 28 6 19 10 0 0 48 74 10 10 139 139 0 0 10 0 23 22 63 36 0 0 0 18 8 0 0 81 60 0 0 120 123 74 32 4 0 0 1 11 24 75 139 68 0 0 0 0 13 9 18 12 0 0 0 0 1 0 0 123 90 0 0 1 11 19 3 7 5 0 0 0 1 17 13 0 0 0 0 0 0 0 1 0 0 0 0 
138 22 1 0 0 0 0 102 26 12 25 5 1 1 5 15 7 16 27 1 0 1 21 15 1 3 14 0 0 1 32 5 58 154 120 11 0 0 0 4 27 73 154 112 0 0 0 1 154 143 89 9 0 0 6 11 31 3 0 0 0 3 37 9 0 73 89 6 0 0 0 0 131 38 137 43 0 0 0 9 154 35 12 2 0 0 0 39 49 0 0 0 0 0 1 5 0 0 1 0 0 0 0 0 27 1 1 0 0 0 0 3 82 0 0 0 0 0 0 10 8 0 0 0 0 0 0 1 
0 87 138 0 0 0 0 0 0 92 138 6 6 1 0 0 1 18 17 7 35 65 8 0 0 0 0 0 2 21 4 0 0 56 121 0 0 0 0 0 42 138 138 2 3 1 0 1 138 138 20 3 20 100 39 11 7 0 0 0 1 38 20 2 0 1 1 0 0 0 0 0 133 20 1 0 0 0 0 33 138 25 0 0 0 0 1 68 12 0 0 0 0 0 1 1 2 0 0 0 3 14 6 1 138 0 0 0 0 0 0 65 138 0 0 0 0 0 0 78 1 0 0 0 0 0 0 0 
0 0 0 0 0 0 0 0 43 22 3 2 1 0 0 1 28 21 7 91 82 0 0 1 0 0 0 46 46 4 0 0 12 1 0 0 0 0 0 0 149 22 0 0 5 2 1 41 121 9 1 15 149 32 1 21 0 0 0 4 41 18 1 0 20 1 0 0 0 0 14 31 149 52 0 0 2 2 21 89 139 28 0 0 108 93 2 15 0 0 0 0 44 64 1 0 2 0 2 0 0 0 110 149 54 7 13 4 0 0 132 149 46 8 21 16 38 36 16 41 0 0 1 7 62 60 3 0 
70
5.02879 58.9492 2.52768 282.149 0.0540952
5.30067 18.286 2.67607 223.765 0.0896311
10.9107 15.4787 2.69614 249.393 0.0835352
16.4457 9.88847 2.04896 188.36 0.0894631
16.4457 9.88847 2.04896 232.199 0.0894631
16.519 35.033 3.10091 183.018 0.0808974
16.5496 27.4454 3.19321 155.414 0.0759369
16.5496 27.4454 3.19321 267.531 0.0759369
16.5529 42.9286 3.28067 181.049 0.0701048
16.8127 38.8575 1.83625 87.691 0.0506712
16.8127 38.8575 1.83625 272.83 0.0506712
16.8327 31.2651 1.88815 266.798 0.0457147
16.8771 52.4765 3.24201 169.145 0.0900925
17.2361 20.7334 5.39095 252.282 0.0235587
19.4388 38.8151 2.84489 180.266 0.060585
19.7127 31.0741 2.9797 206.56 0.0490139
20.5354 52.1362 1.98228 9.35913 0.062762
22.4495 56.4773 5.15833 95.9014 0.0595079
23.4109 26.4238 2.96003 281.758 0.0620654
23.8354 33.4242 3.35267 14.3036 0.0509818
23.8354 33.4242 3.35267 186.938 0.0509818
24.1913 41.6999 3.71499 181.25 0.0466114
24.6059 50.8958 3.52492 101.023 0.0713076
27.8426 38.4125 2.84659 195.989 0.0757981
27.8426 38.4125 2.84659 355.947 0.0757981
29.1331 21.6434 5.61483 274.77 0.0320352
30.8948 21.3196 6.41255 275.37 0.0313452
31.9891 37.6124 2.81937 197.205 0.0619579
31.9891 37.6124 2.81937 341.665 0.0619579
32.2354 45.9626 2.78092 21.1623 0.066804
32.2354 45.9626 2.78092 152.959 0.066804
36.6866 54.4267 1.84829 100.77 0.0419297
40.0653 51.6674 4.12427 13.5599 0.0773193
40.0653 51.6674 4.12427 101.191 0.0773193
40.977 41.9344 4.42655 1.79425 0.060284
42.4719 27.2355 2.28105 275.738 0.071263
44.164 38.5743 2.09429 353.299 0.0371627
44.1769 45.0045 2.12133 8.57837 0.0387175
47.3786 54.7418 6.90421 17.4945 0.034758
48.4675 34.2772 7.55894 359.991 0.0323918
51.2529 44.2735 9.82805 13.871 0.0394359
51.2529 44.2735 9.82805 163.868 0.0394359
55.0544 53.5367 2.08323 71.8604 0.0841403
55.0544 53.5367 2.08323 228.1 0.0841403
55.4873 37.1831 2.63091 94.117 0.0799595
55.4873 37.1831 2.63091 266.014 0.0799595
55.4876 27.1921 2.63279 94.1051 0.0717588
55.4876 27.1921 2.63279 265.866 0.0717588
59.6917 57.2347 4.63517 61.0032 0.040529
59.6917 57.2347 4.63517 273.539 0.040529
61.6068 32.2181 4.20442 99.3729 0.0646684
61.6068 32.2181 4.20442 180.184 0.0646684
61.6068 32.2181 4.20442 259.961 0.0646684
67.5395 28.7815 4.96467 270.366 0.0532881
67.6522 40.0135 8.95539 12.7425 0.0570971
67.6522 40.0135 8.95539 168.094 0.0570971
72.7468 40.1344 2.20419 83.8829 0.062445
72.7468 40.1344 2.20419 344.262 0.062445
73.39 32.2202 4.19611 80.513 0.0649004
73.39 32.2202 4.19611 280.104 0.0649004
73.39 32.2202 4.19611 359.963 0.0649004
79.4877 37.1806 2.66794 85.9452 0.0790567
79.4877 37.1806 2.66794 274.184 0.0790567
79.4915 27.1899 2.66945 85.9694 0.0709654
79.4915 27.1899 2.66945 274.012 0.0709654
79.9042 53.4082 2.19131 109.033 0.0942787
79.9042 53.4082 2.19131 313.264 0.0942787
83.6662 5.18395 3.10041 355.054 0.107817
90.1746 59.3976 2.14916 257.014 0.0560779
91.2503 19.5625 2.15767 324.081 0.0926019
0 0 2 15 4 0 0 0 0 0 2 53 54 8 13 6 0 0 0 1 11 11 130 52 0 0 0 0 0 0 141 69 4 2 20 44 4 0 0 0 113 12 41 137 49 6 33 116 27 0 0 2 8 6 141 141 0 0 0 0 0 0 141 77 12 2 2 1 0 0 0 0 141 56 5 1 0 0 1 32 125 24 0 0 0 0 9 33 0 0 0 0 0 0 5 2 1 0 0 0 0 0 0 0 141 76 0 0 0 0 0 0 141 55 0 1 0 0 0 0 1 1 10 36 3 0 0 0 
0 5 14 7 13 25 0 0 46 18 3 11 68 61 8 10 141 38 0 1 4 1 1 10 5 1 0 0 0 0 0 0 0 0 3 23 12 0 0 0 61 23 3 64 129 1 0 1 151 87 2 9 14 0 0 11 45 7 0 0 0 0 0 2 1 1 1 43 30 0 0 0 86 3 1 101 114 0 0 44 151 11 0 7 6 0 0 136 42 1 0 0 0 0 0 11 1 0 0 51 50 0 0 2 111 0 0 39 55 0 1 151 151 0 0 0 0 0 0 151 7 0 0 0 0 0 0 6 
0 0 1 5 39 9 0 0 55 73 1 3 109 21 0 0 163 145 0 1 4 0 0 0 19 7 0 0 0 0 0 0 1 2 1 6 38 2 0 0 74 8 0 1 163 22 0 5 163 31 0 0 12 3 0 17 51 2 0 0 0 0 0 2 4 1 1 7 26 1 0 1 70 3 0 1 152 21 0 4 163 25 0 0 14 4 0 14 49 3 0 0 0 0 0 2 1 7 10 9 12 0 0 0 29 11 1 3 115 9 0 0 163 142 14 1 20 2 0 0 27 64 36 0 0 0 0 0 
3 1 21 40 0 0 0 4 1 0 37 102 0 0 4 20 0 0 17 60 0 0 50 150 0 0 2 8 0 0 113 150 10 2 42 103 0 0 0 2 114 4 19 39 0 0 15 150 24 0 0 2 0 0 73 150 0 0 0 0 0 0 37 84 29 5 9 24 0 0 0 1 150 50 1 1 0 0 0 46 127 17 0 0 0 0 3 40 0 0 0 0 0 0 1 2 13 3 0 0 0 0 0 0 150 64 0 0 0 0 0 0 147 34 0 0 0 0 0 0 1 0 0 0 0 0 0 0 
2 0 0 29 70 0 0 1 151 0 0 13 40 0 0 79 149 0 0 0 0 0 0 75 2 0 0 0 0 0 0 2 10 2 0 42 94 0 0 2 151 43 1 11 26 0 0 61 135 33 1 0 0 0 0 31 0 1 0 0 0 0 0 0 4 5 2 48 99 0 0 0 105 151 14 10 15 0 0 2 31 151 48 0 0 0 0 1 0 73 14 0 0 0 0 0 0 0 0 30 78 0 0 0 0 45 7 4 9 0 0 0 0 151 45 0 0 0 0 0 0 151 48 0 0 0 0 0 
117 9 1 15 31 19 3 7 89 6 4 2 41 68 61 45 117 45 2 0 1 5 20 77 36 71 0 0 3 0 0 1 117 25 3 11 81 27 2 5 94 56 76 68 17 23 31 21 117 117 39 10 2 3 11 39 39 86 1 0 0 0 0 1 90 9 4 26 40 6 27 67 65 18 24 39 20 57 60 63 117 74 16 7 2 9 28 98 38 42 6 0 0 0 0 4 17 41 45 6 1 8 37 35 20 38 43 70 20 20 32 28 115 101 24 12 3 5 18 42 31 28 8 0 0 0 0 3 
6 29 35 25 6 41 42 18 43 10 12 22 16 29 49 114 63 41 52 27 29 49 46 70 114 33 5 0 0 1 9 72 31 60 20 1 4 114 80 22 43 65 95 49 21 45 43 46 114 74 43 11 7 29 49 105 77 14 0 0 0 0 6 72 11 18 18 1 1 76 108 10 13 8 6 10 16 114 114 39 114 20 4 2 2 15 72 114 42 26 3 1 0 0 0 8 27 26 39 0 0 1 2 20 7 18 65 0 0 9 22 4 4 15 81 1 0 1 14 17 3 17 71 16 1 0 0 2 
0 6 56 50 1 0 0 0 0 4 38 45 9 0 0 0 0 6 26 19 26 7 0 0 2 9 2 2 96 82 0 0 23 90 119 75 20 9 5 12 18 68 119 119 35 12 2 7 80 119 119 29 7 3 2 10 17 15 2 3 64 40 0 1 38 53 83 21 32 38 27 52 34 54 38 61 77 97 18 36 119 75 17 20 12 22 16 66 39 11 16 30 23 5 0 3 21 50 86 3 5 45 58 7 50 67 33 61 51 9 3 13 119 54 11 26 20 4 1 55 32 10 11 15 53 20 1 9 
35 84 64 12 32 25 1 0 70 51 25 63 105 0 0 0 138 71 6 4 9 0 0 0 35 6 0 0 7 0 0 0 98 11 4 32 85 14 1 1 124 10 0 3 135 22 6 8 138 59 0 0 14 4 3 16 50 38 0 0 7 0 0 0 118 5 3 16 46 36 6 9 106 13 18 10 24 57 60 42 138 53 10 2 2 9 28 87 41 71 0 1 4 0 0 2 75 9 3 21 69 11 3 10 70 30 38 39 16 19 16 17 107 84 21 8 2 4 9 33 29 46 1 0 1 0 0 1 
1 11 28 7 1 7 115 2 9 19 5 1 1 6 118 12 1 0 7 14 6 21 118 1 0 1 29 4 0 7 118 0 20 51 82 34 18 3 4 4 118 101 14 10 16 2 13 12 12 4 28 114 108 10 15 1 0 5 118 38 11 3 12 0 21 5 3 4 18 42 103 52 118 8 0 1 19 13 24 118 10 0 1 16 118 117 42 7 0 0 13 8 15 41 118 1 1 0 0 0 0 14 96 23 3 0 0 0 1 7 33 60 0 0 0 0 3 53 66 10 0 0 0 0 0 12 118 21 
0 6 112 35 0 0 0 0 1 37 55 13 1 0 0 0 0 4 37 81 7 0 0 0 0 18 110 30 1 0 0 0 13 36 117 11 0 0 5 5 113 117 51 8 13 1 0 7 15 12 20 112 117 17 1 1 22 38 77 46 24 9 7 7 14 5 10 0 0 0 117 45 117 13 12 1 9 5 25 104 20 2 16 10 102 113 16 9 14 2 9 4 16 52 96 35 0 0 116 9 0 0 47 9 9 8 117 10 0 0 10 21 2 2 117 29 7 13 3 1 0 1 117 14 1 7 18 4 
0 12 112 47 2 0 0 0 4 71 78 5 1 0 0 0 1 10 35 57 3 0 0 0 0 14 91 23 1 0 0 0 9 25 86 79 56 15 7 5 112 112 49 9 7 1 3 19 26 21 32 112 112 6 0 2 20 53 112 54 20 4 3 4 6 2 16 5 37 84 95 23 101 13 13 1 10 8 48 112 19 5 4 12 112 112 20 14 23 7 4 7 21 48 80 45 0 9 112 3 2 9 17 2 15 76 112 0 1 1 9 14 17 62 26 45 25 36 7 1 8 22 43 63 17 16 22 8 
0 19 24 1 0 28 91 0 0 4 18 9 0 49 129 0 1 9 10 1 0 53 129 0 0 0 0 0 0 46 129 0 7 129 129 8 5 6 1 0 10 77 120 129 12 2 5 0 81 129 62 18 1 5 19 1 17 10 0 0 1 14 41 1 65 53 16 16 58 16 0 7 81 38 19 92 73 0 0 10 129 40 7 11 7 0 0 43 43 3 0 1 3 0 0 5 68 1 1 24 30 3 1 21 82 0 0 19 70 11 5 29 129 5 0 1 2 0 1 46 24 5 0 2 7 0 0 2 
0 18 90 16 4 27 18 0 1 8 35 13 24 57 35 2 106 111 6 5 39 15 9 5 129 82 0 0 0 0 0 0 9 60 106 14 2 0 0 1 53 64 78 12 20 1 0 6 132 55 4 9 88 10 0 2 132 106 7 0 1 0 0 0 23 36 17 4 8 16 6 17 108 14 10 14 11 1 1 49 43 55 24 61 75 2 0 1 70 132 132 14 17 0 0 0 46 1 1 7 10 3 1 45 45 0 1 12 52 3 1 58 0 2 8 39 113 6 0 0 0 37 66 12 80 8 0 0 
24 12 14 51 115 10 1 0 123 4 0 4 72 4 0 0 113 6 0 1 123 10 2 6 123 37 0 0 0 0 0 4 29 5 12 32 62 63 21 11 123 5 2 4 30 29 10 13 61 8 15 6 41 73 87 60 122 32 3 0 0 0 12 61 33 2 7 31 123 28 6 8 123 21 11 25 35 8 3 5 41 58 93 71 24 19 25 17 81 87 17 0 0 0 4 19 10 2 26 48 35 5 42 11 103 5 3 10 15 16 22 58 27 15 20 21 20 48 61 43 67 24 4 0 0 0 10 50 
79 102 2 1 8 34 11 4 33 62 42 76 23 11 29 19 82 108 63 23 7 4 6 20 36 57 13 0 0 0 0 1 43 58 2 12 106 80 5 5 108 75 6 20 24 24 44 26 84 54 43 41 17 14 58 63 50 108 39 3 0 0 0 3 14 3 15 50 57 12 34 42 104 39 66 28 11 2 13 53 25 33 51 77 61 22 45 37 107 82 20 5 2 3 24 72 0 0 20 36 1 1 55 39 14 13 39 20 2 2 108 83 23 10 11 3 2 6 61 108 10 3 6 5 0 1 31 62 
59 15 0 0 54 18 0 0 122 28 0 0 60 21 0 0 15 7 0 0 120 44 0 0 79 90 11 0 3 2 0 0 52 10 0 0 110 38 0 0 127 28 0 0 21 37 8 10 17 2 0 0 66 127 57 6 6 36 11 0 2 32 116 14 22 2 0 0 70 127 50 13 127 11 0 0 0 15 46 94 57 0 0 0 1 103 111 29 0 0 0 0 0 33 127 11 0 0 0 0 3 80 90 7 20 0 1 0 0 7 95 89 13 0 4 1 0 1 8 25 0 0 8 2 0 2 16 0 
45 46 9 7 4 12 17 33 136 18 2 2 19 14 8 27 44 1 0 0 90 29 0 5 0 0 0 0 1 0 0 0 46 44 51 18 4 8 14 30 136 49 25 11 19 5 1 27 75 8 1 1 136 29 0 6 0 0 0 0 4 1 0 0 15 12 10 3 10 35 115 33 136 91 4 1 8 2 72 120 62 29 1 2 136 28 5 28 0 0 0 0 12 2 0 0 2 2 12 1 2 14 136 73 14 1 32 10 7 4 136 128 7 0 12 32 136 25 14 28 0 0 0 3 19 1 0 0 
32 50 64 64 35 27 5 13 74 63 61 60 38 48 24 22 127 79 7 8 6 1 1 9 1 3 13 27 26 24 0 0 43 62 107 16 11 32 12 29 36 62 47 74 75 60 24 14 131 131 17 15 14 6 2 10 18 11 18 20 54 49 1 1 36 55 80 13 4 41 85 11 86 46 17 29 93 31 4 12 131 33 2 4 18 12 2 42 44 3 0 0 38 73 2 8 15 13 27 11 71 78 54 7 62 14 0 0 64 32 2 2 131 63 0 0 21 9 0 3 48 14 0 0 16 14 0 1 
8 12 85 70 13 8 6 7 3 10 112 68 13 24 35 10 0 8 112 30 0 1 33 21 0 0 69 32 0 0 33 15 20 15 33 28 34 52 47 66 14 8 30 73 96 38 43 27 49 8 56 29 12 5 52 73 6 13 27 20 13 7 84 47 14 22 39 51 80 60 32 28 37 23 19 22 112 73 15 30 112 90 13 16 63 22 13 45 20 59 28 70 112 8 16 13 2 5 21 34 70 76 35 18 9 29 45 23 112 52 15 21 60 77 15 9 79 32 5 21 27 22 14 29 41 74 31 25 
56 55 15 18 19 25 13 47 62 17 10 31 76 82 19 19 116 30 9 10 16 33 31 16 75 43 25 12 4 18 39 56 86 9 35 17 24 57 28 81 61 11 22 68 116 57 12 24 116 50 16 30 45 20 14 25 75 66 41 34 16 22 32 44 4 6 92 26 3 5 35 10 10 6 62 62 32 10 68 25 90 38 34 29 12 13 32 87 42 57 47 53 11 19 31 36 0 0 31 6 0 0 116 21 0 3 38 12 1 28 116 10 17 34 31 11 4 18 107 65 22 13 9 14 9 19 91 55 
4 21 84 14 6 15 34 13 7 47 119 18 63 61 15 3 27 89 96 68 33 4 0 0 119 81 19 32 16 0 0 0 15 99 52 82 20 9 6 9 29 67 37 83 104 32 6 7 111 17 2 18 52 19 13 15 119 26 0 2 20 14 18 42 28 15 7 12 24 74 31 71 44 12 8 27 84 76 27 57 119 22 13 7 25 21 21 29 113 55 22 3 1 7 28 57 10 13 47 12 9 19 9 17 18 6 27 67 62 11 8 20 79 16 10 12 20 8 13 51 76 42 17 6 2 6 15 35 
22 56 54 6 4 4 9 46 63 30 13 6 66 29 6 21 122 41 0 0 19 8 0 2 12 1 0 0 122 46 0 1 35 37 50 18 6 10 16 87 50 21 58 99 59 12 8 40 122 47 3 13 16 3 0 18 30 2 0 0 122 51 0 1 3 20 53 24 4 2 77 24 26 9 76 38 1 0 70 77 122 90 54 4 1 0 6 73 30 40 6 1 115 36 0 2 3 3 19 33 29 20 61 15 2 3 74 20 1 1 103 48 50 50 55 2 0 0 75 113 51 21 2 0 57 20 3 42 
10 78 42 40 69 2 7 4 15 114 52 43 75 26 5 2 54 32 5 32 100 26 2 0 81 39 0 0 31 41 16 3 15 20 10 34 68 48 16 7 107 51 30 17 11 27 36 68 40 16 4 14 76 114 42 17 114 82 4 13 14 15 11 3 24 10 4 4 45 114 42 19 114 17 21 12 15 41 34 66 42 10 22 56 114 71 6 8 107 51 1 8 48 15 5 13 10 41 83 32 11 28 17 8 8 4 90 52 2 10 40 28 3 2 55 68 23 3 54 25 35 10 29 12 9 2 37 53 
11 14 19 55 71 3 4 9 28 12 59 16 13 3 35 54 2 8 55 4 3 17 104 15 1 6 50 1 0 14 81 3 28 5 2 14 114 8 9 18 114 20 5 13 37 2 16 68 28 22 34 104 91 16 50 18 77 72 26 14 12 18 50 9 25 16 4 25 114 1 1 5 95 85 36 24 26 9 16 35 20 23 35 110 83 24 9 5 86 84 26 17 11 3 7 16 47 1 0 10 114 0 0 12 114 8 2 2 25 32 31 88 16 2 2 4 87 112 29 27 51 6 3 2 13 20 31 96 
2 21 115 57 5 0 0 0 52 67 54 25 14 8 0 0 34 93 29 20 69 30 0 0 14 125 127 35 28 9 0 0 8 31 51 13 8 20 28 11 127 40 17 7 9 8 4 20 36 6 4 28 111 44 3 6 0 1 45 24 110 106 0 0 23 23 9 16 33 20 14 25 127 15 0 3 15 7 2 13 60 4 1 3 127 58 1 3 2 9 4 5 90 81 0 0 6 9 17 21 7 3 113 49 94 4 1 4 3 5 79 64 38 1 0 0 107 26 3 12 12 16 1 2 97 24 0 0 
1 12 132 47 1 1 0 0 30 63 54 16 17 5 0 0 26 131 95 31 56 7 0 0 3 60 132 49 16 4 0 0 17 18 42 4 4 12 13 9 132 35 10 2 13 10 2 14 20 3 9 16 132 52 1 5 0 0 44 24 98 95 0 0 29 10 3 9 16 9 20 20 132 9 0 2 14 8 13 35 36 1 0 1 132 53 0 5 0 1 0 3 85 91 1 0 2 3 4 6 2 5 132 42 30 1 5 7 7 7 94 63 9 1 2 3 132 22 4 10 3 8 1 8 73 15 0 0 
30 49 35 51 98 5 2 3 17 88 27 32 82 8 1 2 24 74 54 47 38 19 23 28 43 25 1 15 38 45 13 2 58 37 32 24 14 32 42 57 42 7 2 12 47 113 40 19 113 22 3 3 20 43 34 74 29 13 1 7 113 110 16 6 113 104 13 1 17 27 9 22 20 30 55 34 43 113 45 17 81 16 86 56 10 19 38 49 11 5 37 85 92 16 24 13 14 67 25 2 20 43 34 10 3 27 99 39 2 2 42 30 0 0 68 43 0 1 55 34 0 0 46 34 1 1 52 27 
22 12 25 36 26 1 17 59 6 32 38 2 3 42 91 32 0 37 54 1 1 47 65 0 0 33 49 1 1 35 45 0 114 19 7 23 22 1 8 93 32 20 40 114 49 34 49 36 77 59 36 21 8 61 86 13 12 18 24 8 79 108 38 4 65 53 34 26 16 21 32 43 41 22 44 114 51 12 3 6 114 78 31 32 14 3 3 20 32 10 20 104 114 15 2 9 39 5 2 2 91 51 34 59 18 2 1 6 91 41 21 78 29 33 23 15 30 43 59 75 30 5 19 57 41 18 2 18 
24 38 21 32 93 17 2 4 17 81 20 18 64 11 0 1 24 55 49 39 28 16 23 29 29 16 1 11 31 55 20 4 46 39 35 25 17 21 31 41 35 6 2 10 27 113 48 19 113 19 3 2 7 31 35 74 29 8 2 9 105 113 20 10 113 84 5 0 12 23 11 25 30 39 44 25 11 113 61 18 66 10 70 60 5 24 51 57 12 4 43 99 70 17 30 9 19 66 14 0 17 48 37 8 6 47 100 31 2 3 62 51 0 0 46 41 1 1 110 93 0 0 9 12 1 6 113 60 
27 1 1 51 26 1 19 86 13 43 12 7 3 56 93 48 0 112 72 1 1 53 34 0 0 112 76 0 0 9 4 0 112 35 20 29 4 0 4 75 25 30 66 112 11 26 20 24 73 63 34 14 8 84 56 9 7 54 34 10 67 98 21 2 24 31 32 25 37 40 39 29 50 19 41 105 23 5 2 12 112 64 32 43 14 4 3 20 18 5 13 112 109 15 1 12 9 5 3 27 112 30 13 17 18 3 0 8 36 14 36 105 21 29 33 33 42 38 33 26 30 2 16 52 17 1 0 43 
3 34 109 10 0 4 9 2 93 129 38 0 0 0 0 16 92 63 0 0 0 0 0 6 11 1 0 0 91 34 0 1 16 2 2 0 24 97 59 14 129 17 0 0 3 8 2 119 129 8 0 0 0 0 0 56 23 0 0 0 75 29 0 3 16 5 4 3 129 94 10 1 129 58 0 0 29 13 0 12 129 26 0 0 0 0 0 9 28 0 0 0 44 17 0 5 20 19 5 3 125 35 0 1 129 56 0 0 50 16 0 0 129 40 0 0 0 0 0 2 28 0 0 0 19 7 0 5 
25 50 18 24 23 22 17 30 89 34 6 18 47 67 15 21 142 51 0 0 2 4 1 6 19 1 0 7 5 2 11 6 32 13 21 15 6 54 56 60 67 13 13 54 103 56 37 44 142 46 0 4 16 5 9 54 41 3 0 12 35 15 3 7 3 12 23 13 1 4 142 65 8 1 21 30 13 23 142 61 87 2 51 23 2 3 84 142 15 1 85 39 7 12 2 10 0 0 95 50 0 1 68 14 0 0 115 68 0 2 41 5 0 0 100 49 0 0 8 5 0 0 61 27 0 0 0 0 
13 7 24 1 0 5 3 3 2 8 45 2 0 14 32 12 2 11 15 1 82 30 10 13 0 0 0 0 72 24 0 0 1 9 145 41 0 0 4 6 10 58 145 32 0 5 18 6 84 145 85 1 53 19 2 5 8 5 0 0 109 41 0 0 16 26 79 29 6 20 50 66 40 46 62 10 15 60 98 53 145 53 7 1 24 29 11 32 35 3 0 0 123 57 0 3 20 33 25 44 15 24 20 25 55 56 28 15 23 15 5 56 145 53 3 11 23 11 1 3 56 8 0 0 109 45 0 2 
8 8 12 6 5 10 41 15 52 40 17 5 28 48 21 8 143 49 2 0 4 4 2 27 11 0 6 20 24 28 13 7 30 69 29 68 28 16 17 17 78 72 18 58 86 48 13 13 143 60 0 8 15 6 1 16 32 2 2 11 34 53 25 6 31 20 13 15 16 91 44 73 74 13 10 40 85 78 27 78 143 7 0 5 18 12 1 67 34 0 0 15 4 6 15 14 10 17 25 9 3 20 138 12 33 3 15 50 37 49 126 46 143 1 2 5 8 4 28 123 15 0 2 29 38 14 5 8 
98 22 4 30 56 5 0 1 112 16 0 0 129 22 0 1 133 39 0 0 7 1 0 0 16 2 0 0 14 2 0 0 108 8 6 19 12 12 36 133 97 7 0 0 133 103 15 43 133 29 0 0 11 10 5 29 32 3 0 0 16 2 0 1 5 0 0 0 3 25 133 133 12 0 0 0 40 133 105 51 99 1 0 0 3 23 75 128 14 0 0 0 16 4 1 8 0 0 0 0 8 10 19 4 0 0 0 0 9 34 27 2 0 0 0 1 11 11 28 11 0 0 0 0 18 4 1 1 
7 5 5 3 115 84 9 1 146 37 3 0 12 3 0 25 137 9 0 0 0 0 3 21 0 0 0 0 0 1 9 1 19 0 4 56 146 7 0 2 146 8 0 3 18 0 0 51 146 5 0 0 0 0 4 32 0 0 0 0 1 3 10 1 18 4 20 89 64 11 2 2 146 78 0 3 5 0 0 25 146 43 0 0 0 0 2 15 2 0 0 0 0 3 8 1 23 0 1 6 78 41 3 15 146 7 0 0 1 0 0 146 86 4 0 0 0 0 2 73 1 0 0 0 0 1 7 1 
25 18 2 28 83 7 0 0 144 144 0 0 1 0 0 6 79 49 0 0 0 0 2 6 1 0 0 0 0 1 6 2 18 3 2 17 44 79 21 3 144 28 0 0 3 3 0 71 144 9 0 0 0 0 1 51 1 0 0 0 0 0 7 3 16 2 0 0 144 94 8 1 144 55 0 0 21 6 0 8 144 23 0 0 0 0 1 10 1 0 0 0 0 0 6 2 5 1 14 61 144 16 0 0 144 43 0 4 26 2 0 4 144 24 0 0 0 0 1 4 2 0 0 0 0 0 4 2 
55 59 24 15 5 8 14 8 132 113 1 3 13 25 18 7 14 2 0 21 126 132 67 9 38 10 0 4 63 77 106 101 37 10 10 8 4 20 101 71 132 53 5 4 11 15 39 71 56 6 16 41 132 51 27 41 23 7 51 15 25 15 61 132 5 0 14 24 2 7 132 81 61 7 48 31 3 6 78 82 14 4 65 49 11 10 4 6 2 3 40 9 0 1 2 5 0 0 14 17 0 0 7 2 0 0 4 7 0 0 0 0 0 0 1 0 0 0 0 0 0 0 0 0 0 0 0 0 
1 10 32 1 1 4 91 22 6 19 12 0 1 8 120 16 2 1 1 9 11 56 120 2 0 2 14 15 2 65 103 0 9 35 96 5 1 0 2 3 120 85 31 0 3 5 8 9 34 3 2 20 108 50 11 6 18 19 38 57 81 12 5 1 13 13 13 3 3 1 31 14 120 21 3 0 1 4 11 47 68 1 0 8 120 97 9 21 34 7 1 15 120 71 33 21 2 0 0 0 0 19 120 23 110 1 1 2 3 7 52 118 36 1 1 20 82 25 15 27 6 0 0 3 33 37 120 43 
8 20 35 3 0 2 72 65 20 23 4 2 24 35 117 26 13 18 15 34 75 38 69 8 107 31 7 3 2 0 23 56 37 59 68 14 11 2 3 6 124 86 6 0 27 56 7 15 33 9 3 8 124 124 45 27 124 19 2 1 6 17 48 99 22 7 2 1 17 23 124 81 124 13 0 0 10 14 45 114 31 0 0 0 39 92 73 53 34 2 0 0 0 6 91 89 0 0 0 0 1 14 104 25 14 0 0 0 1 1 28 31 4 0 0 0 2 2 1 4 1 0 0 0 0 0 1 2 
0 12 34 30 13 2 3 2 2 15 43 9 0 0 0 0 3 2 3 5 1 0 0 1 0 1 1 1 0 0 0 0 14 36 99 123 60 1 0 2 123 104 117 28 4 0 0 12 35 16 49 123 32 0 0 7 1 80 123 31 2 0 0 0 35 11 18 83 87 21 17 38 123 32 8 31 26 3 6 62 21 12 25 123 123 12 1 1 27 54 102 24 15 8 3 14 9 123 65 7 6 5 9 15 44 103 55 9 18 2 3 22 2 13 39 19 82 72 16 0 29 2 4 1 5 35 44 44 
0 0 0 0 77 132 0 0 94 47 0 0 110 137 0 1 138 102 0 0 2 2 0 0 37 5 0 1 1 0 0 3 1 0 0 0 58 51 0 2 60 9 0 0 138 138 7 8 138 48 0 0 12 20 7 28 67 4 0 11 12 0 0 5 3 0 0 0 13 16 1 3 9 0 0 0 69 138 73 20 125 1 0 0 4 34 78 131 38 0 0 39 49 0 0 15 4 0 0 0 0 1 0 3 2 0 0 0 0 13 21 4 5 0 0 1 1 3 23 20 5 0 0 66 93 0 0 4 
13 0 0 5 2 0 1 149 2 3 18 31 3 0 0 34 0 18 21 7 0 0 0 0 0 1 1 5 1 0 0 0 2 0 0 38 24 0 1 48 10 28 64 149 74 0 0 1 103 144 65 29 3 0 0 3 15 12 1 4 0 0 0 0 0 0 0 54 89 0 0 1 75 9 7 149 149 0 0 6 149 28 6 15 9 0 0 37 32 2 0 5 0 0 0 3 0 0 0 30 132 0 0 0 99 5 0 55 149 0 0 3 149 12 0 2 3 0 0 11 19 2 0 4 0 0 0 0 
72 3 0 0 28 21 55 35 46 2 0 0 147 83 19 9 147 12 0 0 21 14 50 62 18 1 0 0 0 90 123 9 146 11 0 0 42 6 0 2 48 3 0 0 147 66 5 6 147 25 0 0 38 13 6 26 59 4 0 0 0 6 7 3 90 2 0 0 13 8 4 37 10 0 0 0 94 134 74 23 128 1 0 0 8 28 77 139 38 1 0 0 0 0 0 10 16 1 0 0 0 1 2 12 10 1 0 0 0 9 20 6 9 2 2 0 0 1 18 21 9 4 6 0 0 0 0 2 
0 0 0 3 10 2 1 0 0 1 18 22 9 1 2 0 0 9 21 7 8 1 0 0 0 1 1 5 13 1 0 0 0 0 0 13 35 0 0 0 10 26 73 144 116 0 0 0 102 122 74 26 7 0 0 1 13 7 5 43 43 0 0 0 0 17 11 12 69 0 0 0 59 8 5 70 144 0 0 4 144 25 4 10 29 0 0 22 30 1 0 29 144 0 0 2 0 114 115 25 28 1 0 0 60 15 36 92 144 0 0 3 144 46 19 5 15 0 0 13 14 7 25 41 120 0 0 1 
16 1 0 0 48 5 0 0 55 3 0 0 159 32 0 5 159 18 0 0 26 4 17 50 27 2 0 0 121 43 31 12 20 2 0 0 44 6 0 0 52 4 0 0 159 68 5 6 159 29 0 0 40 14 6 27 58 4 0 0 144 30 0 1 23 2 0 0 13 8 1 0 11 0 0 0 94 137 82 27 143 1 0 0 8 28 82 152 37 0 0 0 29 40 8 12 24 2 0 0 0 0 0 0 17 3 1 0 0 8 21 8 16 5 3 0 0 1 18 24 16 3 1 0 0 1 2 3 
1 9 5 5 13 0 0 0 0 1 19 26 16 3 1 0 0 8 23 10 15 3 2 0 0 1 0 3 23 0 0 0 74 40 5 14 31 0 0 1 11 27 79 156 131 0 0 0 105 128 85 30 9 0 0 1 13 8 1 4 22 0 0 0 138 3 0 10 75 0 0 10 63 9 5 76 156 0 0 4 156 27 5 11 31 0 0 25 31 1 0 3 22 0 0 2 65 34 70 35 48 0 0 3 74 1 17 90 156 0 0 7 156 0 0 3 17 0 0 29 18 0 0 4 22 0 0 2 
47 8 1 0 9 122 93 53 130 22 2 0 1 9 41 130 27 4 1 61 27 1 39 130 0 0 0 91 54 1 3 11 25 2 0 0 94 130 26 28 130 38 2 11 25 47 9 32 61 14 6 130 55 0 0 4 0 0 0 46 20 0 0 0 4 18 2 0 49 104 26 9 81 4 2 54 39 55 55 71 16 3 3 116 38 0 0 3 0 0 0 3 1 0 0 0 41 125 9 13 7 10 8 3 2 4 1 103 68 10 13 2 0 0 0 23 13 0 0 0 0 0 0 0 0 0 0 0 
7 1 0 0 0 0 0 0 125 22 7 8 2 2 2 1 17 30 67 26 4 17 31 1 0 25 16 7 10 15 48 0 5 0 0 0 0 0 0 0 125 8 3 10 24 19 1 9 18 73 74 46 102 103 2 4 0 125 109 22 21 14 0 0 2 0 0 0 0 0 0 0 125 2 0 0 4 18 3 12 45 5 4 8 83 125 5 9 0 43 86 34 118 125 1 0 0 0 0 0 0 0 0 0 125 9 0 2 3 1 1 2 58 4 0 99 123 26 3 3 0 0 0 96 125 36 45 32 
25 16 5 5 113 24 0 0 26 68 104 53 45 5 6 2 5 26 91 99 29 5 13 3 44 34 85 38 0 0 11 20 29 1 2 2 113 50 2 4 28 4 34 12 68 46 95 89 17 1 14 15 18 99 113 58 45 15 4 0 1 24 113 87 28 1 0 0 103 40 2 2 113 12 0 0 64 41 20 50 83 5 0 0 100 108 30 31 113 7 0 0 7 21 41 50 23 2 0 0 21 29 9 2 52 3 0 0 15 33 42 61 29 2 2 0 14 44 36 35 35 2 10 2 1 7 23 45 
3 7 28 49 111 31 1 0 111 56 33 13 14 1 1 29 70 72 106 0 0 0 5 39 17 47 44 2 2 0 1 4 7 1 11 35 99 97 31 4 111 38 7 3 26 16 21 111 30 44 68 0 0 0 111 78 46 37 20 1 1 0 27 51 6 1 34 70 74 28 73 3 97 75 24 6 22 8 99 35 22 71 111 0 0 0 71 24 37 69 39 2 1 0 11 21 0 7 40 2 1 7 111 1 1 11 27 0 0 2 111 10 4 6 18 0 0 0 111 18 18 6 12 0 0 0 20 28 
1 17 11 54 39 0 0 0 40 49 53 56 23 1 0 2 17 22 31 67 21 3 1 0 14 26 28 15 6 3 2 0 3 87 106 84 52 1 0 0 107 63 35 64 46 0 0 11 68 19 25 107 107 0 0 8 107 19 9 13 13 0 0 17 1 31 96 28 25 25 37 4 27 107 107 22 2 9 42 13 107 33 98 68 21 6 11 24 107 2 1 20 20 0 0 29 9 0 0 3 47 73 86 30 20 4 5 1 25 57 107 78 103 3 6 1 28 54 35 51 69 0 0 36 47 0 0 21 
10 30 46 81 52 0 0 0 32 57 34 63 43 0 0 0 73 40 22 39 31 0 0 0 17 6 1 30 98 0 0 0 4 40 119 70 24 9 16 5 21 89 119 51 13 2 27 15 119 37 29 32 18 1 6 7 31 3 0 61 119 0 0 0 6 3 8 6 25 75 119 46 25 8 14 1 19 59 119 98 119 6 3 4 35 34 29 33 25 1 0 33 119 5 0 1 9 0 0 0 47 91 43 26 30 0 0 0 38 64 34 53 47 0 0 1 41 45 28 39 8 0 0 4 119 31 1 6 
2 2 1 7 10 22 126 15 5 9 24 37 13 24 126 13 62 23 11 3 0 3 79 85 19 2 0 0 0 15 24 22 61 37 4 6 43 61 17 6 31 30 24 40 126 96 7 5 126 70 11 4 10 8 7 54 57 3 0 0 3 28 29 42 126 35 0 1 30 39 12 20 20 2 0 2 126 126 85 58 126 26 0 0 6 22 126 119 78 27 5 16 20 14 11 23 84 3 1 3 14 4 26 46 13 2 1 3 31 16 27 40 9 3 1 1 1 6 48 30 7 5 3 8 3 1 4 3 
10 1 1 5 14 3 10 24 3 25 35 29 36 5 6 7 3 21 49 20 4 1 0 1 6 3 5 7 2 1 1 5 19 31 21 62 29 0 1 4 9 39 95 122 122 1 1 2 122 99 122 43 11 1 0 28 53 16 17 90 49 1 1 32 4 36 38 75 31 1 0 0 21 5 12 116 122 31 19 25 122 41 7 11 18 8 14 78 51 23 7 80 122 4 0 6 0 13 112 45 44 42 3 0 2 91 112 12 17 19 29 11 46 80 46 2 2 3 25 40 14 18 33 16 63 31 8 2 
3 0 0 29 132 0 0 0 132 2 0 14 71 0 0 31 119 1 0 0 0 0 0 17 5 1 6 8 0 0 0 1 9 1 14 67 132 0 0 1 132 31 12 15 61 0 0 28 92 20 99 40 0 0 0 9 1 1 113 132 0 0 0 0 4 6 86 99 42 0 0 0 69 96 82 24 14 0 0 1 11 27 132 81 0 0 1 6 1 0 101 94 0 0 22 55 0 1 13 5 1 17 15 1 0 5 13 2 0 3 11 2 30 10 17 3 0 2 5 22 49 48 3 1 0 0 29 116 
3 1 8 22 11 3 0 1 76 64 10 0 0 0 4 13 43 126 113 0 0 1 5 7 0 60 109 0 0 1 1 0 12 0 0 7 12 2 2 6 83 15 4 0 0 5 71 100 10 39 54 0 0 75 126 26 0 56 98 0 0 60 117 0 24 1 0 1 12 51 34 11 126 32 0 0 2 5 13 34 85 10 0 0 0 40 105 21 0 0 0 0 0 74 126 0 6 1 0 0 89 118 22 13 126 81 0 0 20 19 0 0 108 54 0 0 0 1 2 1 1 0 0 0 0 3 8 0 
67 4 9 27 18 0 0 13 52 60 41 32 14 0 0 3 30 38 35 43 13 0 0 1 37 71 23 7 1 0 1 1 62 1 2 37 92 0 0 15 112 49 19 40 61 0 0 12 81 30 29 106 97 0 0 5 112 53 42 22 7 0 0 6 20 2 2 47 112 2 2 16 27 88 93 45 65 12 33 4 16 56 112 97 18 15 14 1 43 82 112 25 1 0 4 15 12 0 0 24 112 5 5 16 25 2 5 5 43 52 103 67 5 3 12 5 28 96 90 26 43 19 11 0 0 37 86 33 
9 28 83 73 48 3 0 0 19 76 106 56 24 1 5 4 101 51 34 53 27 1 6 3 69 23 0 4 59 0 0 0 1 4 37 26 24 27 91 31 26 12 41 9 2 21 106 106 106 24 11 6 20 66 97 32 106 28 0 1 64 10 1 2 3 0 0 1 48 82 103 90 106 11 0 0 44 63 34 62 66 8 0 0 106 106 25 18 102 15 0 0 33 24 9 19 0 0 0 0 34 72 18 18 39 2 0 0 21 60 55 48 17 0 0 1 20 67 31 22 13 0 0 8 19 16 28 25 
0 1 110 8 1 8 18 0 1 9 110 3 0 10 45 1 4 18 110 0 0 1 57 9 19 27 17 0 0 11 33 11 6 3 72 28 72 68 33 1 96 34 97 7 21 5 23 74 22 23 69 0 0 0 110 70 36 21 11 0 0 1 39 69 7 4 30 95 97 35 11 1 110 110 21 15 26 3 6 36 30 77 110 0 0 0 65 44 46 50 27 0 0 0 19 42 3 0 1 29 110 50 28 7 110 29 1 1 15 14 32 53 72 42 5 0 0 0 100 73 19 4 1 0 0 0 40 75 
16 12 3 1 0 0 0 1 10 10 19 8 0 0 0 0 6 52 19 1 0 0 0 0 4 68 2 0 0 0 0 0 90 38 5 7 12 0 0 2 10 23 71 127 91 0 0 0 124 134 75 27 8 0 0 1 36 30 0 0 0 0 0 0 144 2 0 5 39 0 0 11 48 6 5 63 144 0 0 3 144 25 5 13 37 0 0 23 54 4 9 10 0 0 0 3 73 37 58 20 25 0 0 3 43 9 22 83 144 0 0 2 144 65 54 16 21 0 0 10 15 9 121 106 0 0 0 1 
0 0 0 1 24 24 111 128 60 3 0 0 141 94 39 17 141 14 0 0 14 6 22 47 12 1 0 0 122 42 26 6 0 0 0 0 63 13 13 25 59 4 0 0 141 70 5 8 141 22 0 0 29 10 4 23 28 2 0 0 141 30 1 1 0 0 0 0 31 28 1 0 10 0 0 0 112 141 71 25 99 1 0 0 8 26 72 116 12 0 0 0 43 44 6 7 0 0 0 0 2 59 9 0 0 0 0 0 3 54 24 1 0 0 0 0 6 15 22 8 0 0 0 0 13 6 1 1 
41 1 0 0 0 0 1 63 19 7 19 7 0 0 0 4 18 21 17 1 0 0 0 1 16 4 2 1 0 0 0 1 58 10 1 7 11 0 0 4 11 26 78 128 90 0 0 0 137 142 78 27 8 0 0 1 34 11 9 40 29 0 0 0 85 5 0 5 39 0 0 2 51 6 5 64 154 0 0 3 154 25 5 13 39 0 0 27 52 1 0 31 145 0 0 4 57 0 0 4 44 0 0 9 52 5 0 30 154 0 0 3 154 52 20 4 26 0 0 17 24 11 34 44 120 0 0 1 
67 3 0 0 43 31 71 35 70 6 0 0 150 87 19 1 150 26 0 0 18 3 0 0 16 2 0 1 98 10 0 0 140 10 0 0 68 9 0 3 60 4 0 0 150 71 5 8 150 22 0 0 31 11 4 25 28 2 0 0 75 26 0 1 73 1 0 0 28 13 7 41 10 0 0 0 125 150 75 26 99 1 0 0 9 29 80 118 12 0 0 5 41 13 1 7 1 0 0 0 12 6 6 8 0 0 0 0 16 24 17 1 0 0 0 1 17 10 21 7 0 0 0 41 50 1 0 1 
0 0 0 1 0 0 0 0 0 1 17 13 0 0 0 0 1 11 19 3 7 5 0 0 0 1 0 0 123 90 0 0 0 13 9 18 12 0 0 0 11 24 75 139 68 0 0 0 120 123 74 32 4 0 0 1 18 8 0 0 81 60 0 0 0 23 22 63 36 0 0 0 74 10 10 139 139 0 0 10 139 28 6 19 10 0 0 48 34 1 0 0 28 21 0 3 0 1 2 132 60 0 0 0 111 1 1 135 83 0 0 42 139 7 0 2 1 0 0 68 14 7 0 0 4 3 0 1 
0 0 0 0 94 63 7 0 89 0 0 0 148 82 1 8 148 1 0 0 3 3 5 33 11 0 0 0 0 5 23 7 0 3 0 0 67 45 1 0 74 4 0 0 148 148 7 10 148 26 0 0 11 20 11 44 28 2 0 0 0 4 34 8 3 86 0 0 13 16 0 0 10 3 0 0 70 148 60 26 102 3 0 0 4 34 65 146 16 0 0 0 0 0 1 11 10 148 0 0 0 1 0 0 3 75 0 0 1 14 14 2 0 2 0 0 0 2 15 15 0 0 0 0 0 0 0 1 
8 0 0 0 0 0 0 1 82 0 0 0 0 0 0 10 27 1 1 0 0 0 0 3 0 0 1 0 0 0 0 0 49 0 0 0 0 0 1 5 154 35 12 2 0 0 0 39 131 38 137 43 0 0 0 9 0 73 89 6 0 0 0 0 31 3 0 0 0 3 37 9 154 143 89 9 0 0 6 11 27 73 154 112 0 0 0 1 58 154 120 11 0 0 0 4 1 3 14 0 0 1 32 5 7 16 27 1 0 1 21 15 26 12 25 5 1 1 5 15 138 22 1 0 0 0 0 102 
1 0 0 0 0 0 0 0 138 0 0 0 0 0 0 78 138 0 0 0 0 0 0 65 2 0 0 0 3 14 6 1 12 0 0 0 0 0 1 1 138 25 0 0 0 0 1 68 133 20 1 0 0 0 0 33 0 1 1 0 0 0 0 0 7 0 0 0 1 38 20 2 138 138 20 3 20 100 39 11 42 138 138 2 3 1 0 1 0 56 121 0 0 0 0 0 0 0 0 0 2 21 4 0 1 18 17 7 35 65 8 0 0 92 138 6 6 1 0 0 0 87 138 0 0 0 0 0 
0 0 1 7 62 60 3 0 46 8 21 16 38 36 16 41 54 7 13 4 0 0 132 149 2 0 2 0 0 0 110 149 0 0 0 0 44 64 1 0 139 28 0 0 108 93 2 15 149 52 0 0 2 2 21 89 20 1 0 0 0 0 14 31 0 0 0 4 41 18 1 0 121 9 1 15 149 32 1 21 149 22 0 0 5 2 1 41 12 1 0 0 0 0 0 0 0 0 0 46 46 4 0 0 28 21 7 91 82 0 0 1 43 22 3 2 1 0 0 1 0 0 0 0 0 0 0 0 
