7 1
94
3.10753 32.1902 2.26797 191.45 0.0483471
3.43655 25.9099 2.38508 2.39255 0.0606898
3.62437 14.0711 2.12262 185.509 0.0735964
3.62437 14.0711 2.12262 355.213 0.0735964
3.96827 4.12254 2.47141 266.517 0.0665045
5.01066 29.1104 2.33054 8.49719 0.0250549
5.01066 29.1104 2.33054 272.667 0.0250549
5.30793 10.8602 2.37622 57.2459 0.0313916
5.30793 10.8602 2.37622 344.957 0.0313916
6.01984 5.94853 1.79732 10.8276 0.0659023
6.01984 5.94853 1.79732 78.4355 0.0659023
8.97951 16.8746 5.04926 346.376 0.0384624
10.7886 22.8593 2.50791 259.068 0.0399281
10.8344 33.459 2.61825 262.657 0.0217217
14.7509 9.1689 5.26103 91.2141 0.0308818
15.6811 15.9244 3.7482 203.831 0.0694276
15.6811 15.9244 3.7482 301.564 0.0694276
15.6811 15.9244 3.7482 341.587 0.0694276
18.9331 22.9876 2.00297 90.7738 0.033081
18.9331 22.9876 2.00297 276.12 0.033081
24.1982 24.4417 2.07922 265.933 0.0135442
27.8218 29.5144 1.96089 188.487 0.0460787
27.8218 29.5144 1.96089 349.553 0.0460787
30.5217 7.44576 3.17079 91.6427 0.0592473
30.5217 7.44576 3.17079 240.089 0.0592473
32.8282 22.738 1.83898 12.0923 0.0866601
33.3331 10.9185 2.96048 240.156 0.0838032
33.3331 10.9185 2.96048 306.624 0.0838032
36.7631 7.49578 3.23108 89.4232 0.0584323
39.5714 32.784 3.28829 271.174 0.0264993
42.6002 12.6408 3.2187 197.554 0.0395084
42.8855 29.1048 1.92104 181.052 0.0577459
43.0003 20.6659 2.49475 180.875 0.028845
43.3269 8.02709 3.7294 87.8337 0.0427108
43.3269 8.02709 3.7294 209.177 0.0427108
43.5549 10.5455 2.67444 199.901 0.0364979
47.3814 24.2346 1.91541 60.7273 0.0372344
49.0102 3.7495 1.82155 96.1205 0.0774095
49.0102 3.7495 1.82155 265.525 0.0774095
49.5133 23.8174 2.9834 60.2091 0.0363056
51.5388 7.42927 3.14278 264.222 0.0615089
52.1104 33.7337 2.063 271.743 0.0295192
52.6119 16.1732 9.09468 245.513 0.0376426
52.6119 16.1732 9.09468 276.555 0.0376426
53.4256 24.4861 1.90658 95.4302 0.0323678
53.4256 24.4861 1.90658 122.387 0.0323678
56.2196 33.669 2.96521 88.5002 0.0254075
56.2627 19.1558 5.27349 337.909 0.0347229
57.1246 25.492 2.8227 69.8279 0.0344931
58.1271 33.214 2.24604 89.5703 0.0272946
58.1711 6.97324 3.13384 290.304 0.0412675
60.0732 3.68105 1.97173 95.808 0.0705578
60.0732 3.68105 1.97173 265.671 0.0705578
61.175 7.85952 3.86961 299.716 0.0389234
61.4798 15.2179 3.21193 350.745 0.0410988
62.3186 29.2921 2.36609 178.68 0.0356614
62.5963 33.111 2.92446 269.869 0.0312795
68.7191 29.0582 1.86757 180.507 0.0534108
68.7191 29.0582 1.86757 337.069 0.0534108
70.4412 6.91432 2.94118 90.4481 0.0391069
72.3473 22.3763 2.01933 93.4254 0.0703058
74.3206 12.4018 2.11343 178.526 0.0529228
74.8322 18.9668 3.01737 285.758 0.0485731
76.5756 14.9509 1.95787 5.56339 0.0761044
76.8832 10.2191 2.00463 2.61356 0.0850786
76.9839 22.4593 1.90352 262.617 0.0764705
80.1047 33.0534 3.1862 272.911 0.0306459
80.6282 17.6639 4.78393 16.3907 0.0247661
80.6282 17.6639 4.78393 196.537 0.0247661
80.6282 17.6639 4.78393 327.795 0.0247661
88.0347 16.3492 4.04826 187.835 0.0507916
88.0347 16.3492 4.04826 258.64 0.0507916
88.0347 16.3492 4.04826 358.001 0.0507916
89.3598 3.62571 1.98975 85.5227 0.0586121
89.3598 3.62571 1.98975 272.258 0.0586121
89.3962 36.5488 2.05491 273.601 0.0618479
91.0026 33.3455 2.66546 274.741 0.037732
91.9703 19.1551 2.41969 9.68182 0.0202304
94.1427 36.5304 1.89412 99.1206 0.0620862
94.1427 36.5304 1.89412 265.163 0.0620862
94.1884 31.4889 2.22767 175.993 0.0717936
94.4238 8.63595 1.8576 76.6967 0.0572061
94.4238 8.63595 1.8576 186.712 0.0572061
94.677 3.48061 2.01168 263.054 0.052362
96.8854 10.8018 2.60141 188.284 0.0215377
99.0813 36.0987 2.54972 2.45578 0.0485349
99.0813 36.0987 2.54972 88.2088 0.0485349
99.3821 26.3725 2.12484 171.508 0.0583244
99.415 13.7369 2.07929 184.445 0.0462206
99.415 13.7369 2.07929 358.194 0.0462206
99.4614 31.5872 2.0367 188.754 0.0556967
99.4614 31.5872 2.0367 355.636 0.0556967
99.563 8.42614 1.84362 9.31525 0.0500346
99.563 8.42614 1.84362 172.675 0.0500346
0 0 73 44 12 18 25 0 43 76 109 24 5 21 8 0 110 83 7 0 0 0 0 0 1 0 0 0 0 0 0 0 1 3 13 23 27 81 107 1 81 23 8 4 54 121 38 13 121 45 0 0 2 10 8 30 9 0 0 0 0 0 0 1 9 6 11 24 52 54 77 45 19 4 6 9 28 108 121 71 121 30 10 7 4 17 48 109 17 5 0 0 0 0 0 7 0 3 4 0 6 30 118 27 1 5 11 43 121 53 51 18 119 114 32 37 50 8 3 4 49 20 0 0 0 0 0 0 
0 0 0 3 33 0 0 0 55 9 0 14 156 0 0 0 156 61 5 10 29 0 0 0 21 13 61 77 25 5 1 0 0 0 0 4 34 0 0 0 55 7 0 18 156 19 3 7 156 51 1 5 40 8 3 18 31 12 10 21 41 54 32 0 0 0 0 3 17 3 0 0 16 5 10 28 139 83 24 27 155 40 61 13 8 16 20 73 20 40 120 11 1 6 5 0 0 0 0 6 8 0 0 0 4 20 30 97 107 3 1 1 31 90 78 38 13 3 4 3 44 42 56 18 4 4 7 19 
1 0 0 0 67 25 18 16 64 4 0 0 151 56 0 1 151 14 0 0 13 2 0 2 14 0 0 0 0 0 0 1 1 0 0 0 66 25 8 5 55 3 0 0 151 102 6 8 151 15 0 0 25 12 6 26 30 1 0 0 0 0 0 2 0 1 34 14 29 13 2 2 9 2 21 18 136 151 59 20 110 17 16 5 8 28 64 115 16 3 0 0 0 0 0 9 11 28 91 54 29 12 9 7 14 33 68 89 68 13 8 7 91 103 60 36 22 2 7 6 27 14 0 0 0 0 0 1 
0 0 0 1 6 2 0 0 2 1 7 13 107 75 32 8 64 8 6 5 31 44 77 106 27 14 18 20 26 46 65 31 0 0 0 11 13 0 0 0 9 24 62 140 96 12 9 1 152 126 60 23 7 8 29 21 33 6 1 0 1 17 75 17 0 0 0 11 38 0 0 0 54 6 7 88 154 0 0 3 154 29 7 14 27 0 0 20 58 6 8 4 1 0 0 1 0 0 0 13 45 0 0 0 64 0 0 52 154 0 0 5 154 5 2 4 15 0 0 22 28 6 25 7 2 0 0 0 
0 5 28 11 0 0 0 0 0 9 56 2 0 0 0 0 2 16 14 0 0 0 0 0 1 1 0 0 0 0 0 0 10 17 108 93 52 49 18 8 13 77 142 24 6 46 29 1 141 142 88 0 0 4 1 2 23 11 0 0 0 0 0 0 10 9 12 41 88 96 52 13 48 21 24 6 89 142 79 19 142 35 6 0 20 32 6 56 41 1 0 0 0 0 0 3 9 5 4 14 50 65 73 24 19 7 7 15 59 108 70 47 122 11 5 3 11 27 33 109 14 0 0 0 0 0 0 6 
1 1 0 1 116 17 0 0 116 70 0 0 102 15 1 5 114 49 4 14 34 32 10 1 0 1 10 10 12 29 83 7 0 0 0 3 107 53 4 0 116 24 12 6 70 69 37 72 108 50 108 27 1 4 2 17 5 37 89 10 0 4 13 0 0 0 1 35 56 10 1 0 15 63 93 87 75 13 9 11 26 66 114 65 11 6 7 11 79 72 51 11 2 2 4 19 0 0 0 6 65 5 0 0 19 48 10 22 116 26 2 1 35 104 54 2 4 5 12 10 29 54 54 11 4 2 5 16 
0 11 96 3 0 0 0 0 3 54 58 5 0 0 0 0 0 9 93 35 2 0 0 0 0 10 117 3 0 0 0 0 9 26 117 14 4 1 36 59 91 91 61 9 7 9 20 81 13 10 86 67 40 77 111 15 0 7 117 7 2 8 117 26 48 2 3 5 13 12 43 95 117 55 8 6 8 12 29 68 97 12 1 5 3 30 117 45 3 15 30 20 3 3 117 38 43 16 4 2 4 18 36 52 57 6 1 1 3 17 79 76 77 4 1 10 21 0 2 31 16 19 24 43 63 2 0 1 
85 28 19 88 22 0 0 22 66 61 52 23 14 5 5 24 61 86 26 3 2 1 2 21 6 4 1 15 90 34 0 1 65 96 4 15 22 88 35 11 100 102 13 8 13 12 28 63 79 37 29 2 1 2 10 94 6 9 9 3 21 39 1 3 6 8 0 0 0 116 104 14 66 25 25 30 37 37 72 58 12 116 116 46 29 25 1 4 0 116 102 4 2 2 0 0 0 0 0 0 0 4 9 0 0 0 1 5 36 65 13 1 0 27 26 12 28 116 28 0 0 116 67 1 0 75 17 0 
0 0 0 15 42 2 0 0 13 1 5 84 120 16 9 45 28 19 27 14 10 3 91 120 35 36 14 3 4 8 64 67 0 1 8 30 43 17 1 0 20 18 18 21 77 74 83 68 34 12 13 14 18 61 89 85 88 24 9 4 3 13 38 72 4 5 21 120 67 1 0 1 120 88 49 59 18 3 11 30 83 10 1 1 1 34 84 32 12 0 13 15 0 6 49 49 24 1 1 91 117 0 0 9 120 5 2 17 19 0 0 82 68 6 7 15 5 0 1 15 0 0 28 120 36 0 1 0 
0 0 66 83 16 0 0 0 1 0 125 74 1 0 3 4 16 38 125 29 0 0 11 20 38 45 29 17 19 13 4 14 4 0 19 66 125 25 0 3 70 4 69 39 28 5 34 120 28 12 40 13 0 0 125 125 57 31 14 2 3 12 23 67 8 1 0 0 125 72 2 2 125 27 0 2 45 27 11 50 52 19 33 58 37 22 26 27 76 72 38 13 5 5 14 28 1 0 0 1 57 79 21 2 51 7 7 2 12 38 66 95 23 7 2 2 13 36 75 43 24 2 1 1 2 8 66 66 
0 1 16 77 60 1 0 0 52 88 63 44 16 3 7 8 25 40 61 43 13 0 2 7 22 61 67 12 3 0 0 1 6 2 2 83 124 0 0 0 124 54 11 36 55 1 0 21 57 26 27 32 63 40 17 14 86 30 16 9 10 15 25 67 3 3 0 40 124 52 11 0 57 124 43 10 37 38 50 2 28 124 124 1 4 13 27 11 65 65 21 12 2 3 11 33 0 0 0 0 29 87 49 0 0 4 4 0 2 90 124 0 20 22 12 0 0 32 124 42 45 16 4 14 24 13 22 46 
0 0 2 2 3 3 0 0 15 11 28 38 28 34 38 59 35 28 15 11 3 24 65 124 1 5 24 12 3 69 100 4 5 5 17 14 1 1 0 0 124 48 37 32 5 9 22 58 56 45 100 124 19 7 41 96 37 114 62 24 10 46 79 3 26 5 4 20 7 1 1 4 124 55 29 51 9 3 1 12 67 38 45 124 72 15 13 11 124 117 30 37 19 1 4 11 14 28 37 17 8 1 1 3 74 124 23 6 4 5 3 7 10 42 38 13 8 28 32 3 17 36 54 52 7 5 9 4 
88 11 2 2 4 17 28 58 11 4 14 7 7 77 130 13 3 22 31 1 0 58 130 7 1 22 46 0 0 52 130 4 58 1 0 5 4 3 29 77 23 18 38 82 44 1 16 10 130 89 35 16 4 5 51 12 39 15 5 0 0 16 113 13 31 0 0 8 21 0 2 11 31 5 3 55 130 2 2 9 130 48 69 31 15 1 2 18 21 110 130 16 2 0 0 1 22 2 0 14 30 0 0 2 35 3 2 42 100 1 2 18 44 6 22 42 62 43 17 22 27 59 74 32 25 24 42 21 
0 0 0 17 62 6 1 1 30 3 16 28 83 12 47 93 57 38 24 6 7 4 90 115 60 20 18 15 19 60 61 56 0 3 12 16 23 37 17 3 64 26 15 9 24 49 64 126 80 16 5 8 19 63 112 101 126 8 2 10 4 8 43 85 12 8 18 48 82 2 1 2 126 64 25 24 26 3 9 38 113 4 0 0 0 9 60 48 41 1 0 17 40 0 9 35 30 0 0 22 120 0 0 6 126 0 0 5 28 0 0 51 105 1 0 0 0 0 0 10 29 1 0 12 53 0 0 1 
5 0 0 0 24 2 0 1 123 0 0 1 35 49 40 42 19 0 3 17 13 102 123 42 1 1 4 28 34 53 114 11 6 0 0 0 19 10 1 1 123 6 1 7 36 16 7 27 59 5 44 123 114 54 31 7 16 8 70 99 24 23 28 7 1 0 2 15 9 12 2 1 87 120 54 32 22 19 5 18 20 99 69 41 67 118 49 1 9 2 57 52 24 90 74 10 0 0 1 8 13 20 0 0 16 53 26 21 28 60 21 22 15 54 76 51 23 20 6 16 0 1 89 65 14 21 6 1 
26 4 16 17 3 7 8 17 10 6 50 37 2 5 6 7 52 16 17 4 10 37 14 56 25 6 0 0 50 119 10 11 12 3 2 6 7 48 81 21 20 27 13 21 68 110 44 9 119 84 7 7 9 19 16 65 39 3 0 15 59 119 14 14 88 49 3 0 2 20 21 20 16 3 1 2 31 119 119 30 81 7 5 12 15 26 108 119 16 0 3 82 103 16 2 13 119 62 12 3 0 0 1 28 28 11 62 50 0 7 26 6 1 2 119 108 5 2 23 17 8 6 51 42 59 12 10 14 
14 8 28 12 0 0 18 120 17 9 34 5 1 25 45 120 2 14 14 1 7 58 117 22 7 23 14 6 60 66 27 8 19 52 62 18 9 2 7 71 16 52 120 112 9 5 7 22 104 120 80 9 5 14 12 25 21 18 0 1 80 120 2 1 5 9 19 11 38 43 1 2 47 10 24 38 17 21 50 97 120 32 18 5 0 1 21 120 26 8 45 27 29 39 0 5 4 18 15 4 15 26 2 2 82 19 9 3 4 13 7 37 34 22 62 50 3 0 1 19 1 10 120 113 20 1 0 0 
47 9 8 6 8 10 65 61 14 4 19 8 1 14 64 114 1 16 24 3 2 103 115 10 0 12 19 1 2 99 118 0 118 17 13 41 7 0 7 47 16 35 117 118 43 2 11 16 86 118 97 18 2 7 10 8 12 22 6 63 26 29 25 0 82 20 59 59 15 7 1 16 27 13 32 110 86 19 17 28 118 86 16 10 4 3 7 59 18 20 16 98 62 3 0 0 16 34 8 8 6 25 11 4 8 8 6 7 3 43 45 4 42 72 15 7 2 7 15 9 4 23 26 53 44 1 0 0 
0 0 0 8 27 42 15 3 1 2 34 96 35 6 7 5 15 28 51 32 35 35 12 0 4 2 2 3 16 63 116 0 0 26 91 21 78 9 0 0 13 10 26 100 134 6 0 0 134 38 26 27 14 2 1 19 23 2 0 0 23 16 4 7 74 134 134 18 16 0 0 10 65 40 21 44 134 11 1 5 134 10 2 7 31 4 1 17 27 1 0 0 32 11 0 3 114 12 2 1 5 4 76 76 60 8 2 9 122 41 14 26 134 19 2 4 14 10 5 17 27 2 0 0 26 4 0 1 
18 6 0 1 46 9 0 0 27 18 6 14 136 37 2 5 108 51 15 30 78 18 2 5 1 2 54 64 119 32 12 3 27 14 0 1 36 6 0 0 43 7 2 8 136 39 2 4 136 24 1 3 54 49 31 27 20 2 0 5 47 126 136 30 21 21 2 4 23 2 0 0 16 2 1 8 136 48 22 23 136 20 0 0 14 12 24 94 90 21 0 0 0 8 59 21 9 37 124 2 4 2 0 0 29 45 27 1 18 32 41 27 36 4 5 5 2 3 35 102 24 42 25 8 1 0 0 10 
34 8 0 0 0 0 0 0 16 8 1 25 82 4 1 0 80 0 0 20 113 13 15 44 113 0 0 1 9 45 44 46 14 69 113 2 0 0 0 0 26 80 57 6 40 26 15 3 32 3 1 3 28 32 98 105 98 13 4 0 0 1 10 74 14 56 113 3 1 2 113 39 113 96 46 0 0 1 52 101 68 12 4 12 6 1 22 34 20 46 37 32 13 0 2 11 7 76 113 2 0 5 72 24 77 113 47 8 0 0 23 43 22 35 88 33 13 0 0 3 47 21 23 35 36 0 0 1 
0 2 19 16 3 1 117 28 2 12 41 14 2 1 117 30 9 28 47 26 8 2 96 27 29 28 7 0 0 0 72 30 26 23 23 38 83 10 5 1 117 47 46 25 48 20 4 17 84 33 25 22 103 81 4 13 117 37 4 0 5 3 3 11 70 9 0 6 91 47 4 9 117 15 0 3 57 47 14 52 101 4 0 0 117 117 26 34 117 6 1 2 9 15 21 53 22 17 27 26 20 25 27 29 46 37 8 1 7 20 58 113 17 2 0 0 6 46 72 53 14 0 1 5 14 20 51 44 
6 3 22 58 25 3 13 10 32 78 93 45 11 0 0 1 10 25 74 75 27 5 0 0 6 14 39 27 67 74 33 12 7 1 10 99 114 0 0 0 114 37 18 65 71 0 0 13 67 25 32 114 114 0 0 6 98 34 28 38 22 2 3 13 8 2 15 39 114 39 14 5 114 22 8 33 52 29 37 30 54 7 5 63 114 33 26 45 80 4 0 21 60 7 5 53 0 36 114 3 8 17 13 1 2 37 114 1 3 18 35 10 6 27 85 1 6 34 52 17 10 15 42 2 16 26 22 17 
11 0 0 0 103 6 0 0 123 12 2 19 65 5 0 1 16 6 17 123 93 5 0 1 23 30 27 47 9 2 7 11 11 0 0 0 123 6 0 0 123 8 1 16 94 35 3 13 31 6 7 77 123 123 22 20 70 7 5 7 3 26 36 60 9 0 0 0 123 5 0 0 123 4 0 0 75 21 2 7 36 0 0 0 46 123 77 11 25 0 0 0 0 39 123 37 6 0 0 0 94 4 0 0 123 5 0 0 56 4 1 2 46 1 0 1 3 22 29 4 0 0 5 10 5 22 36 2 
7 67 35 23 2 0 0 0 18 116 30 3 0 0 0 1 14 26 6 57 23 0 0 2 16 0 0 116 56 0 0 30 18 50 48 96 13 2 2 3 116 116 32 30 4 1 1 16 63 14 3 116 69 0 0 16 51 0 0 66 31 0 0 100 13 6 12 29 19 14 92 83 116 15 6 52 26 4 63 116 60 5 4 116 54 0 0 76 45 0 0 6 3 0 0 89 15 6 0 9 5 12 70 68 18 0 0 109 63 2 20 57 58 0 0 34 18 0 0 108 10 0 0 0 0 0 0 18 
1 0 20 42 31 10 35 17 20 12 19 139 139 21 4 2 139 31 16 23 12 2 7 55 21 1 3 17 10 15 47 36 0 0 12 23 76 29 31 1 46 6 2 61 139 58 5 9 139 31 2 7 23 6 6 51 50 8 8 6 0 2 32 18 0 0 6 23 64 48 6 0 12 2 9 31 107 139 70 33 139 15 28 18 6 18 54 129 29 29 88 16 0 0 0 3 3 19 27 64 31 3 0 0 15 38 51 68 29 16 9 3 15 25 23 44 52 5 8 10 46 55 35 21 17 1 0 0 
21 112 25 5 2 13 2 1 7 77 49 53 5 0 0 0 33 119 36 6 0 0 0 1 22 25 5 46 18 0 0 1 23 37 16 16 35 47 7 4 23 43 54 119 22 6 9 9 119 95 25 29 3 1 5 32 59 8 3 119 52 0 0 12 1 3 7 14 62 55 55 15 15 4 8 19 17 16 119 119 106 8 3 49 30 4 76 119 42 4 3 107 42 0 1 56 9 66 3 0 1 32 65 9 20 7 0 14 7 14 75 80 18 0 0 115 65 2 13 45 46 0 0 27 15 0 0 85 
2 3 44 51 0 0 0 0 0 51 83 27 16 44 0 0 7 48 20 3 53 118 0 0 24 112 0 0 9 26 0 0 0 0 55 103 41 19 0 0 9 97 118 75 51 25 1 2 103 118 91 5 25 58 4 8 27 65 0 0 28 118 4 3 1 5 85 52 36 19 2 4 27 12 19 30 83 70 12 16 118 72 5 2 4 15 8 41 46 48 2 0 25 112 2 7 3 5 28 14 3 12 71 47 13 3 5 10 12 52 64 26 95 11 8 5 1 6 24 103 33 15 48 19 3 14 1 30 
3 2 1 16 65 3 0 0 113 25 4 17 41 18 6 8 18 1 15 23 16 90 69 3 0 2 21 13 3 58 97 0 8 0 0 1 119 1 0 0 119 6 1 13 87 3 0 5 28 2 37 119 85 8 2 1 13 40 75 77 8 6 6 4 9 0 0 0 119 1 0 0 119 10 3 29 101 14 1 10 30 10 15 119 119 58 5 10 51 19 11 27 7 14 21 39 8 0 0 1 101 0 0 0 119 0 0 1 69 25 3 17 24 0 0 3 74 119 46 18 41 0 0 0 1 29 61 48 
8 0 0 1 72 0 0 0 126 5 1 8 67 11 2 4 39 26 25 27 18 36 30 19 43 51 48 29 20 31 33 33 9 0 0 0 85 2 0 0 126 7 4 5 79 9 14 22 52 21 57 19 10 27 126 55 60 39 18 1 6 21 79 125 4 0 0 0 47 30 12 3 126 14 11 19 66 35 29 62 52 58 126 90 63 19 24 33 93 126 90 14 6 1 7 29 0 1 8 17 4 15 14 1 18 34 29 26 47 23 32 37 22 20 6 12 95 33 27 39 70 28 18 20 32 31 10 50 
53 52 25 56 24 3 1 1 106 60 13 13 12 9 2 6 3 4 26 83 64 12 2 2 52 21 32 19 27 5 3 22 90 17 2 6 24 29 10 11 124 28 0 2 25 34 8 18 14 5 6 37 80 124 53 6 10 20 50 28 13 73 83 23 36 18 1 0 1 15 70 41 124 17 3 2 3 16 30 67 37 1 29 19 17 100 84 31 1 0 48 39 4 73 124 40 3 2 38 21 1 9 115 69 45 12 58 36 3 7 55 67 9 2 106 94 4 9 46 22 0 0 75 51 0 1 63 43 
3 17 91 12 2 5 14 16 1 22 120 27 4 21 46 1 35 54 52 13 1 3 96 6 10 3 1 10 22 11 81 3 80 25 47 13 42 36 13 16 26 26 109 53 86 92 11 7 125 74 48 17 9 7 3 13 52 3 0 6 69 25 1 7 105 12 4 5 50 34 41 36 28 7 4 10 91 125 88 25 125 2 0 0 7 39 65 114 50 0 0 1 71 27 4 16 4 4 48 60 4 20 67 18 42 49 43 12 1 16 79 23 29 4 0 0 0 8 84 77 5 0 0 0 8 22 32 19 
10 5 14 21 14 43 44 18 25 19 19 8 10 35 80 35 52 2 0 0 4 13 61 100 5 0 0 3 35 58 40 10 31 35 74 134 33 5 6 2 134 71 55 30 2 0 7 24 65 15 41 19 4 1 17 35 1 12 39 40 60 13 18 4 67 13 8 47 104 15 3 19 134 30 2 4 6 5 2 89 61 15 36 56 42 54 12 25 9 17 65 107 40 7 5 7 52 5 3 2 37 45 19 25 134 4 0 0 6 8 8 99 30 0 10 71 118 89 9 26 30 11 53 76 27 54 19 10 
1 1 0 8 41 16 1 2 57 11 2 22 89 26 5 26 6 1 0 29 130 44 4 1 3 5 3 9 26 32 16 8 2 3 0 21 48 12 1 1 85 22 1 25 58 62 19 29 10 0 3 23 66 130 112 4 2 4 6 9 9 130 130 4 10 2 0 11 91 0 0 0 130 17 3 42 72 5 3 6 22 7 59 130 40 42 21 2 16 61 81 44 1 36 44 2 9 0 0 2 83 0 0 1 100 10 4 50 96 19 2 11 20 7 19 130 95 41 11 23 29 51 23 15 1 14 22 35 
95 94 14 22 8 2 2 3 81 37 2 21 53 67 17 4 3 9 29 28 34 85 106 7 92 39 36 6 1 10 55 93 121 24 1 1 2 2 18 52 121 42 3 4 2 44 41 39 11 1 23 59 4 67 121 19 15 2 36 70 4 12 99 71 21 1 8 10 0 1 99 121 107 19 40 41 4 2 40 91 8 3 48 121 8 3 54 47 0 0 15 34 0 0 44 87 4 2 17 34 17 5 43 46 16 9 23 14 3 1 24 75 2 0 1 3 2 1 38 35 0 0 0 0 0 0 5 8 
98 30 1 4 22 20 2 5 117 28 0 3 22 20 8 10 8 4 6 69 73 77 39 4 23 19 23 42 9 30 32 5 53 25 8 2 7 39 25 17 117 60 2 1 8 16 10 15 32 2 0 11 66 113 59 20 2 1 3 9 10 88 117 51 13 20 15 4 1 19 117 46 117 18 14 9 1 8 49 94 45 2 60 51 12 39 42 25 1 0 104 80 1 10 40 43 2 2 63 41 1 12 81 43 17 16 80 49 6 8 44 53 4 1 80 109 10 11 57 27 0 0 55 43 0 0 81 65 
10 99 52 3 4 14 13 6 38 119 11 0 0 57 90 11 33 6 0 2 5 21 105 84 6 0 4 41 47 14 10 30 12 37 20 2 15 119 80 7 119 116 7 2 2 34 23 27 76 12 29 59 18 7 27 10 0 25 52 19 33 60 10 1 4 2 0 0 13 119 111 7 119 2 1 10 16 84 67 95 41 7 22 80 72 26 11 12 1 62 78 15 16 60 27 2 10 2 0 3 15 44 13 6 1 0 3 68 56 35 34 14 4 25 73 75 28 15 8 5 10 21 61 19 7 41 20 13 
0 0 0 1 46 7 0 0 37 13 3 14 135 28 0 0 135 48 2 2 17 7 1 1 29 3 0 8 62 89 1 1 0 0 0 0 42 9 0 0 31 3 0 0 135 70 4 5 135 30 0 2 32 14 4 22 49 7 1 96 118 5 0 1 0 0 0 0 14 10 0 0 5 1 3 12 103 123 27 13 126 33 9 8 16 30 33 92 31 7 0 27 135 88 13 8 0 0 0 1 7 1 0 0 1 4 8 48 129 15 1 0 102 102 25 33 39 4 2 3 61 22 0 1 6 43 21 2 
41 103 27 4 20 2 0 1 10 6 2 14 135 67 15 14 114 4 1 2 16 20 20 89 28 1 0 0 0 0 0 9 135 39 3 11 25 1 1 103 24 26 29 128 113 17 5 7 120 92 24 18 4 5 7 25 20 8 0 0 0 0 0 3 55 6 0 12 74 1 1 91 54 8 4 67 135 0 0 5 135 20 3 8 15 0 0 21 30 1 0 0 0 0 0 2 56 51 2 11 67 2 0 3 54 0 0 22 135 15 3 15 135 0 0 1 7 1 1 35 17 0 0 0 0 0 0 1 
1 6 24 19 20 39 23 1 7 9 7 8 10 32 83 31 118 23 5 8 2 0 29 118 50 10 29 78 23 2 2 11 14 48 40 11 17 118 19 4 118 67 6 2 1 13 102 90 27 3 10 32 53 24 70 118 19 2 15 70 43 26 14 40 11 9 5 2 9 118 114 11 118 23 7 22 13 67 100 78 25 12 59 83 45 17 5 10 28 14 22 12 16 24 15 37 24 9 5 5 18 40 26 33 1 0 8 49 118 75 32 8 23 14 44 47 35 26 15 26 38 8 9 6 13 9 4 50 
6 102 113 0 0 1 9 9 28 119 94 2 4 0 12 16 34 47 12 22 119 19 5 20 83 3 1 2 18 7 3 40 20 30 32 7 0 2 16 25 119 55 26 5 9 1 2 99 93 37 9 70 109 6 2 43 103 31 4 10 7 1 1 12 45 22 17 3 0 1 24 28 119 41 4 5 16 3 10 63 91 15 2 23 119 37 11 43 97 3 0 1 5 3 4 39 17 12 5 0 0 13 119 42 95 7 2 11 17 3 30 119 42 24 14 56 52 19 7 29 38 21 3 1 0 1 2 15 
3 12 36 55 14 4 14 3 50 64 32 21 41 5 9 8 11 9 25 34 125 26 28 18 13 19 100 13 3 4 84 37 25 13 13 54 125 2 0 1 125 50 13 16 49 12 1 4 32 12 27 16 107 45 39 26 10 28 106 4 2 1 104 38 18 1 0 1 118 65 58 18 125 2 0 0 37 25 55 83 26 3 15 31 125 49 2 6 21 28 79 38 28 6 4 26 3 5 32 33 8 16 45 10 39 46 39 16 19 10 41 32 12 5 0 42 125 49 4 9 31 30 13 28 31 13 12 88 
6 1 0 0 0 0 2 10 118 43 10 1 0 0 2 58 97 132 47 2 0 0 0 36 26 101 61 37 6 1 0 17 3 3 2 8 16 7 1 2 47 91 88 48 32 5 4 17 132 130 35 3 1 0 3 99 52 22 6 0 0 0 3 44 2 2 1 34 39 34 16 2 75 10 9 43 51 15 36 132 132 30 4 1 1 0 11 132 32 3 0 0 0 0 0 7 4 1 1 14 59 117 49 14 92 7 1 4 8 22 43 126 56 32 7 0 0 0 1 39 1 1 0 0 0 0 0 0 
77 124 5 0 0 0 0 2 57 136 136 8 1 0 0 3 77 80 119 23 4 0 0 12 4 3 3 2 0 0 0 2 48 27 12 5 4 2 2 7 52 109 136 58 21 4 1 5 136 136 38 4 1 0 0 17 21 23 0 0 0 0 0 2 0 2 2 4 16 15 4 1 63 21 19 32 84 52 10 37 136 99 16 2 3 4 4 76 30 21 12 0 0 0 0 1 0 1 1 1 6 9 24 13 35 8 0 7 35 71 76 31 136 56 9 1 2 5 15 53 6 12 13 1 2 0 0 2 
39 46 77 17 3 15 20 8 112 112 12 2 4 5 1 3 10 25 6 56 39 79 13 0 15 10 9 64 30 37 17 11 12 27 30 22 2 7 76 37 112 112 6 2 3 1 24 112 37 22 6 77 109 29 6 18 20 3 4 57 31 21 30 31 12 14 34 2 0 1 112 59 112 28 6 0 3 4 52 112 27 1 4 8 59 77 37 21 1 0 21 11 9 30 112 7 9 54 112 10 0 1 48 28 28 112 40 2 5 1 28 51 5 17 18 63 60 21 11 8 0 0 94 54 10 12 41 5 
19 110 80 17 3 5 2 6 4 54 27 11 31 47 44 1 9 3 3 55 110 37 39 7 63 43 4 9 14 2 5 13 37 110 72 23 11 3 17 25 110 110 65 7 18 10 2 26 20 11 2 14 79 110 33 12 9 4 1 7 3 18 69 74 21 7 27 29 6 1 27 91 110 98 22 6 0 2 8 97 65 31 0 4 16 49 42 33 0 0 12 100 35 19 47 30 14 5 20 14 1 7 22 90 36 22 88 34 0 0 19 110 23 90 96 6 18 9 2 30 1 19 11 22 53 65 15 9 
14 10 32 51 25 39 71 42 34 62 53 20 49 14 64 75 74 8 3 18 122 16 4 20 85 1 0 0 5 1 1 11 44 40 29 97 122 9 1 4 122 84 40 31 50 14 1 8 58 14 18 21 89 93 48 52 23 5 7 0 1 3 17 51 36 8 4 52 93 84 30 34 122 18 7 35 31 18 26 53 52 54 78 120 68 14 8 10 19 45 29 2 0 0 3 8 8 10 22 73 48 44 13 9 75 36 27 20 24 20 13 17 37 10 4 17 75 61 38 46 21 5 1 0 0 1 9 36 
78 71 28 97 6 5 15 24 1 65 118 118 8 6 5 1 23 118 84 6 6 11 4 7 7 25 27 20 12 51 6 1 8 4 17 118 108 30 28 19 12 36 78 92 35 66 28 5 118 118 67 14 3 6 6 17 34 73 108 55 3 21 4 0 4 27 38 35 30 32 26 3 15 14 12 10 20 118 92 21 72 18 31 28 31 55 81 51 24 47 87 40 9 28 12 2 13 8 6 11 5 9 15 6 21 16 13 9 4 14 38 17 11 9 7 15 34 39 22 9 13 6 1 2 5 57 40 19 
1 57 115 18 18 47 9 0 31 73 39 4 6 82 115 26 39 5 16 22 16 48 75 61 19 11 37 20 15 59 70 24 27 49 58 15 7 10 21 13 115 91 23 11 12 3 14 34 34 23 78 75 75 23 16 7 36 74 65 11 10 20 40 22 20 15 4 1 1 18 98 76 100 9 9 36 36 13 27 115 33 7 33 114 70 24 10 29 107 12 8 14 21 6 1 73 92 91 12 5 2 10 50 36 21 10 29 43 41 37 21 32 22 8 27 12 20 58 33 29 48 6 15 45 21 2 4 36 
1 1 54 19 8 22 121 8 25 24 62 5 11 1 100 54 28 9 4 11 121 1 4 12 121 2 0 1 49 0 0 1 6 8 113 62 34 59 18 7 99 67 98 9 12 4 5 45 44 15 4 8 121 38 16 21 121 0 0 0 36 13 20 50 10 5 17 121 45 51 16 17 121 48 7 21 10 4 4 65 48 14 32 33 52 43 30 15 12 19 45 11 5 11 41 38 5 1 4 17 35 35 58 12 102 22 2 4 9 6 27 28 40 16 27 49 121 1 0 2 81 37 37 14 20 1 0 3 
99 59 40 12 1 0 0 6 106 75 6 5 85 55 2 7 103 70 3 2 41 40 7 11 23 8 0 0 0 0 0 1 62 65 17 13 1 0 5 27 118 118 6 1 23 33 6 10 71 43 16 20 60 60 24 22 28 59 10 3 2 0 0 2 32 22 15 1 0 0 63 113 118 29 11 1 13 4 28 118 50 39 14 18 118 62 0 6 75 107 7 3 26 12 0 0 9 35 44 6 0 0 35 79 15 54 85 14 1 0 14 32 18 78 22 3 92 50 0 2 67 65 0 0 56 36 0 0 
0 0 0 0 50 9 0 0 56 7 0 0 145 42 0 0 145 34 0 0 21 7 0 0 21 2 0 0 37 67 10 1 0 0 0 0 41 9 0 0 43 4 0 0 145 75 4 5 145 31 0 0 31 15 4 22 47 3 3 33 46 21 3 2 0 0 0 0 15 10 0 0 7 1 2 6 110 136 41 19 145 16 6 6 12 27 44 111 34 3 1 72 133 3 0 8 0 0 0 1 3 2 0 0 1 4 15 62 91 21 5 1 78 108 42 40 31 4 5 9 32 19 0 36 95 67 1 2 
106 31 1 2 10 4 3 101 21 5 5 17 106 76 24 24 80 11 5 2 13 24 34 99 18 1 0 0 0 0 0 10 91 2 0 13 26 0 5 103 14 22 40 143 130 8 3 6 127 106 40 23 6 2 5 11 19 9 0 0 0 0 0 1 28 26 2 12 60 0 3 17 56 7 3 69 143 0 0 3 143 18 3 9 22 0 0 18 30 1 0 0 0 0 0 1 59 33 1 10 60 0 0 0 64 1 0 33 143 0 0 5 143 0 0 2 13 0 0 21 17 0 0 0 0 0 0 1 
59 118 72 7 2 1 0 1 71 118 7 4 31 48 13 4 60 41 12 2 6 14 13 7 1 5 3 0 0 0 0 0 78 85 18 5 1 0 2 34 118 118 2 1 18 14 9 47 41 64 37 18 102 46 6 4 11 62 10 0 5 3 0 0 44 22 18 3 2 7 30 118 109 48 90 8 6 3 7 118 30 71 52 6 103 78 0 2 35 98 0 0 32 38 0 0 9 50 63 22 20 14 8 17 39 77 101 8 0 0 0 8 88 61 43 3 16 22 0 14 18 48 11 2 52 60 0 0 
7 59 126 23 3 6 20 3 27 126 109 7 2 24 26 5 11 42 47 55 5 53 89 0 2 27 60 27 2 36 91 1 30 37 62 28 20 3 0 1 126 95 41 23 8 0 0 37 67 29 31 121 65 0 0 8 45 58 51 56 21 0 0 0 25 13 16 16 36 32 12 12 126 57 18 32 9 1 5 43 31 18 77 126 35 0 0 3 19 33 67 44 9 0 0 2 5 7 8 2 7 58 105 36 42 6 5 15 46 33 64 95 4 4 22 41 53 46 58 7 13 21 17 9 7 27 37 14 
0 6 52 2 0 8 117 1 2 15 41 3 2 13 117 3 5 9 26 12 4 14 117 16 19 11 31 4 7 9 39 41 15 19 111 26 39 23 10 6 112 106 81 18 23 6 14 7 26 17 53 72 105 9 14 3 1 14 117 27 8 10 10 6 26 4 7 7 57 67 29 18 117 20 7 3 25 36 37 74 40 5 4 8 117 81 34 28 1 3 12 8 12 76 77 49 3 15 107 41 4 9 12 5 51 84 100 15 2 8 13 15 36 44 32 52 12 26 19 6 0 8 94 72 5 16 22 11 
0 3 11 23 5 21 22 3 23 40 20 16 53 19 32 48 32 8 5 16 126 27 5 23 96 17 4 9 41 26 6 55 9 6 10 40 68 1 0 0 126 57 19 30 57 18 5 12 41 9 26 23 66 104 86 33 68 16 30 25 17 26 39 81 17 0 0 1 117 6 0 1 126 6 2 21 93 7 1 10 38 23 90 121 89 30 29 19 31 60 80 46 47 6 14 38 14 0 0 0 100 4 0 1 126 1 0 3 92 8 0 8 22 12 14 16 102 41 25 21 16 31 14 14 42 14 14 38 
3 10 53 43 13 3 66 0 3 20 111 16 3 4 78 1 1 27 111 23 2 4 80 1 14 42 57 16 2 2 60 1 44 20 21 67 98 3 0 1 111 25 49 26 34 33 14 29 12 20 102 45 90 87 10 6 111 69 52 19 11 7 2 5 42 3 2 11 93 33 14 16 111 18 4 14 31 21 26 48 14 7 4 20 91 111 50 12 111 6 1 1 9 41 42 60 5 45 111 2 7 18 19 12 10 49 34 42 6 7 38 35 1 30 99 41 5 17 36 8 20 36 75 30 3 11 25 17 
13 11 19 84 43 9 3 4 12 89 37 24 5 36 38 4 3 18 22 3 4 67 83 32 2 5 14 10 77 98 30 26 16 12 8 108 108 16 12 8 108 73 16 23 14 5 15 48 27 22 42 73 58 8 12 23 42 40 50 25 11 32 10 13 4 6 4 10 58 96 108 7 96 31 8 18 10 79 80 26 33 15 11 107 84 17 14 55 63 3 3 32 36 3 4 88 1 94 82 0 1 22 23 1 1 54 48 2 3 90 54 1 6 13 10 6 10 61 97 54 7 1 0 18 63 34 24 50 
6 0 0 0 121 9 0 0 125 1 1 7 76 13 1 10 24 1 47 68 79 63 36 3 16 29 96 10 4 26 54 6 8 0 0 0 125 11 0 0 125 1 0 2 89 17 1 15 39 1 10 34 51 88 51 7 6 4 17 29 76 50 55 5 7 0 0 0 125 8 0 0 125 2 0 6 98 11 1 10 38 2 17 77 93 51 7 3 0 0 27 45 31 32 26 0 5 0 0 0 121 9 0 1 125 0 0 0 69 16 2 20 37 0 4 11 40 108 18 8 0 0 16 7 5 53 66 0 
45 31 4 6 39 13 0 9 22 31 34 49 123 48 0 0 123 101 28 18 25 9 0 1 4 9 78 31 17 17 20 2 36 21 118 38 17 4 1 20 40 5 35 123 123 25 5 9 123 24 2 19 38 13 3 29 17 4 35 24 16 27 46 5 0 10 110 33 2 14 93 4 13 12 64 67 17 12 123 65 100 34 13 8 20 15 34 123 6 5 26 24 34 41 46 10 1 2 31 45 15 25 40 3 9 29 93 13 6 17 57 18 93 83 31 3 9 9 8 27 12 12 18 26 29 11 13 7 
0 0 16 45 31 2 5 3 10 61 105 55 22 2 7 4 28 22 19 50 120 13 6 11 64 1 0 4 39 26 6 30 2 0 3 35 120 4 1 3 120 40 28 38 113 2 12 84 45 17 9 18 27 38 120 73 25 0 0 13 78 18 50 49 3 1 0 24 120 44 16 4 120 48 2 14 83 23 55 76 55 65 33 3 12 7 52 39 8 5 6 12 102 51 17 11 0 4 36 0 24 58 46 3 10 7 42 0 6 24 120 71 6 11 43 0 0 3 85 44 2 3 30 0 12 58 49 14 
7 6 7 16 78 72 3 4 34 55 12 6 13 20 8 10 67 64 23 1 0 0 10 40 58 34 20 5 1 1 12 75 10 13 13 41 114 37 2 7 107 15 8 31 52 22 36 105 58 54 33 11 48 52 76 54 34 74 114 37 7 6 29 26 9 8 8 6 60 68 55 27 114 21 0 1 32 74 51 77 70 10 8 5 49 112 91 29 8 7 25 6 7 23 114 97 1 0 0 2 28 53 102 19 29 34 10 16 52 46 36 26 27 44 67 27 1 3 12 10 5 53 84 12 0 1 14 10 
7 4 23 30 17 38 28 2 29 13 41 69 132 74 6 2 132 65 24 10 18 5 0 7 31 9 6 10 0 0 0 0 18 18 132 55 16 11 10 3 39 8 31 95 132 52 11 9 132 34 0 8 35 8 6 29 44 9 2 11 4 0 0 1 99 20 45 38 56 5 6 29 56 7 9 16 31 98 121 54 104 3 2 3 5 19 83 132 20 2 2 7 5 0 1 8 104 48 5 6 53 5 0 4 68 56 65 17 0 7 23 9 5 27 95 34 0 2 20 13 5 20 22 18 4 0 0 1 
0 0 16 4 0 1 136 6 0 1 27 10 0 2 136 6 0 5 22 2 0 2 136 6 0 1 5 2 0 2 136 4 1 3 71 52 6 11 23 0 6 19 136 125 29 11 16 0 75 122 103 17 2 1 11 2 11 13 10 9 0 1 7 0 14 6 35 22 21 41 29 3 43 9 23 62 136 74 6 5 136 40 11 8 22 5 0 18 29 6 7 11 0 0 0 1 18 19 97 42 15 3 3 8 35 6 19 64 107 37 24 18 136 10 0 5 13 4 11 41 19 3 2 9 5 0 0 1 
12 27 33 2 7 7 40 15 15 8 8 94 132 1 5 17 47 11 50 52 46 1 37 132 4 15 31 1 1 24 132 41 33 34 23 2 14 17 77 37 48 9 0 32 132 45 9 20 132 17 0 5 46 9 17 104 46 4 0 33 42 18 55 27 1 0 1 6 14 50 73 11 8 3 13 14 85 132 74 18 132 13 2 0 8 35 93 114 44 5 0 11 59 38 5 12 0 0 2 34 64 7 1 0 18 29 60 65 38 12 11 7 56 42 12 0 0 2 17 21 7 5 3 0 1 6 3 3 
12 0 0 0 66 7 0 0 144 3 0 3 62 20 1 6 13 7 11 23 53 53 19 8 9 12 8 25 71 17 13 13 13 0 0 0 80 7 0 0 144 2 0 2 66 21 20 29 34 2 3 10 25 95 144 22 4 3 3 7 40 98 113 15 9 0 0 0 75 5 0 0 144 8 0 0 64 6 5 16 96 1 0 0 30 57 35 18 1 2 2 15 144 52 12 0 4 0 0 0 43 14 2 1 144 7 1 0 42 17 5 22 102 4 9 4 34 26 1 8 0 0 1 1 144 38 0 0 
1 5 22 38 10 7 47 9 18 49 22 27 4 2 64 46 3 11 36 71 13 20 60 23 3 18 19 10 31 69 19 1 7 16 94 103 31 2 9 6 106 102 26 52 32 1 1 23 28 33 45 106 106 28 9 9 86 65 23 11 32 26 9 23 8 49 60 57 13 4 27 12 82 106 37 8 9 1 13 43 27 16 10 11 48 30 102 95 30 3 0 3 13 20 106 106 1 4 2 4 8 19 75 21 100 17 3 0 0 2 34 77 100 26 50 6 0 0 38 102 1 4 75 46 33 7 39 35 
33 7 39 35 1 4 75 47 0 0 38 102 101 26 50 6 0 2 34 76 99 17 3 0 8 19 75 21 1 4 2 4 13 20 106 106 30 3 0 3 48 30 101 96 27 16 10 11 9 1 13 43 82 106 37 8 13 3 26 12 8 49 60 57 32 26 9 23 85 65 23 10 106 28 9 9 28 33 45 106 33 1 1 23 106 103 26 52 31 2 9 6 7 15 94 103 31 69 19 1 4 18 18 10 13 21 59 23 3 11 36 71 4 2 64 46 18 49 22 27 10 7 47 9 1 5 22 37 
19 65 105 26 2 1 0 2 21 88 102 26 3 13 5 9 54 28 34 9 5 52 28 25 3 23 15 0 1 68 25 2 57 32 26 5 7 61 16 11 105 37 29 14 0 2 40 99 73 34 96 59 4 9 14 73 12 49 72 17 26 53 14 2 18 3 0 0 4 48 76 73 62 18 10 20 7 49 92 82 17 19 47 102 45 59 41 35 71 45 28 35 21 4 10 66 40 80 3 0 0 2 31 72 16 51 7 2 3 83 105 42 2 2 5 13 16 105 105 20 7 0 1 57 64 13 26 34 
57 61 29 24 6 2 7 26 8 7 115 86 13 3 1 5 8 11 115 64 7 2 4 13 1 3 27 63 54 41 24 5 115 56 5 9 35 14 0 1 17 19 38 61 115 48 9 7 115 54 29 16 14 9 16 65 24 2 9 53 68 47 31 19 115 33 11 0 16 10 5 13 29 22 13 3 69 95 84 32 59 5 9 2 13 23 95 115 20 1 8 20 115 86 21 31 22 59 31 8 5 3 4 6 60 65 39 9 2 4 12 12 7 8 115 25 2 5 29 18 1 1 109 23 11 26 33 13 
2 2 1 19 93 71 23 3 27 28 14 9 24 42 25 67 9 32 13 3 23 92 99 23 35 40 6 13 30 11 69 51 1 3 4 46 115 8 2 0 20 74 98 48 53 26 14 7 115 115 47 3 2 8 33 24 30 9 2 46 98 4 28 14 4 10 40 25 113 39 26 2 9 12 29 10 25 89 115 28 108 29 29 18 5 9 64 88 27 13 39 44 79 7 1 12 1 12 115 19 10 15 10 1 2 57 115 1 0 8 27 4 3 32 70 61 12 2 10 5 21 24 65 41 7 2 1 6 
37 46 30 18 4 9 74 8 8 8 32 12 3 22 120 5 2 7 19 14 60 38 61 9 3 4 12 12 40 67 14 4 120 42 13 33 18 2 10 52 24 22 113 120 54 4 3 3 68 86 98 29 30 19 9 6 13 6 4 27 100 38 15 2 33 68 30 25 17 3 13 51 13 6 18 71 120 44 45 19 120 33 10 6 24 12 33 67 35 6 1 10 120 9 2 5 42 17 6 4 0 7 56 85 1 0 2 6 4 14 120 25 21 3 3 8 14 13 120 48 9 1 4 10 107 50 19 15 
0 0 0 1 11 5 0 0 2 0 2 7 135 102 29 8 59 3 2 4 33 50 70 101 19 12 16 24 44 58 41 19 0 0 0 7 19 2 0 0 6 18 52 127 120 25 11 2 106 106 57 24 9 20 36 26 20 4 0 0 5 64 75 11 0 0 0 2 59 3 0 0 43 7 7 59 158 3 0 4 158 29 8 13 37 1 0 39 42 1 0 0 12 13 1 9 0 0 0 4 67 0 0 0 55 0 0 25 158 0 0 8 158 0 0 2 26 1 0 49 23 0 0 0 12 11 0 8 
7 12 0 4 61 0 0 0 62 5 0 3 162 7 0 0 162 30 0 0 24 1 0 0 30 4 0 0 0 0 0 0 8 15 0 4 61 2 0 0 55 4 0 2 162 47 7 10 162 31 0 0 29 9 6 29 38 8 0 0 0 0 0 1 3 36 68 8 21 5 0 0 9 14 32 23 104 120 56 23 126 33 18 4 5 19 51 110 20 5 0 0 0 0 0 6 30 59 75 22 18 13 12 13 22 42 63 89 69 4 3 5 113 128 50 21 12 1 2 3 26 16 0 0 0 0 0 0 
0 0 0 0 31 2 0 0 71 6 0 0 154 16 0 0 154 22 0 0 14 2 0 2 34 1 0 0 16 18 1 2 0 0 0 0 26 4 0 0 65 4 0 0 154 58 6 9 154 21 0 0 20 9 5 25 59 2 2 3 18 17 1 2 0 0 0 1 5 7 2 0 12 5 14 33 55 119 56 24 154 56 41 25 6 19 36 89 33 21 132 70 9 2 0 2 0 0 0 3 4 0 0 0 8 11 24 84 114 4 2 0 107 96 46 43 38 10 2 3 25 22 63 60 41 40 28 13 
26 3 0 0 124 13 0 0 138 27 0 0 42 7 0 3 57 2 0 0 26 32 0 4 0 0 0 0 86 39 0 0 14 1 0 0 87 60 10 7 138 24 9 3 36 36 16 56 83 15 60 25 26 19 0 4 0 7 12 5 102 32 0 0 1 2 8 45 37 31 9 3 86 106 75 69 33 23 14 31 61 78 138 93 18 19 15 17 72 55 32 8 39 22 2 10 0 1 2 14 87 5 0 0 57 98 37 19 92 18 8 2 46 74 91 8 9 26 32 30 46 34 73 60 11 9 5 17 
2 20 118 99 6 0 0 0 41 119 69 7 2 4 5 1 14 13 0 1 49 12 10 4 18 11 5 16 124 26 0 0 21 15 28 69 82 40 20 11 124 78 14 4 1 2 10 37 74 20 3 0 31 17 1 4 17 6 0 0 124 73 0 0 4 1 11 11 30 75 76 17 93 35 34 3 0 4 44 71 56 87 35 0 8 7 3 14 20 10 0 0 124 88 1 4 2 2 14 9 2 3 81 41 2 7 14 3 0 1 124 54 30 16 6 0 0 2 88 100 12 1 2 1 97 83 11 28 
0 1 40 18 6 32 125 12 60 28 33 7 24 91 57 3 125 48 2 0 2 3 1 1 6 1 0 0 0 0 0 0 24 71 70 18 24 24 59 15 51 20 3 1 125 125 27 11 125 25 0 0 16 14 10 41 17 1 0 0 0 0 0 4 43 26 12 7 16 27 120 125 22 7 8 21 73 125 82 64 60 38 38 14 8 23 43 111 7 9 5 0 0 0 0 9 8 5 0 0 15 8 64 44 1 2 11 46 125 33 14 9 65 102 51 39 65 7 1 1 34 30 3 0 0 0 0 0 
0 0 0 0 5 4 1 0 5 0 1 6 97 92 26 12 124 4 3 1 18 25 32 116 73 3 18 5 7 4 0 21 0 0 2 9 5 1 1 0 6 19 55 124 45 36 16 4 87 124 71 39 10 9 18 45 21 33 124 75 16 2 0 6 0 0 0 10 32 0 0 0 42 13 11 88 124 0 0 3 124 66 18 22 38 21 3 22 22 17 38 38 53 78 51 23 0 0 0 6 38 2 0 0 14 18 2 31 124 26 8 0 59 124 73 4 11 11 23 3 11 66 117 2 1 19 28 9 
18 7 53 36 63 1 13 45 16 31 87 2 1 8 112 53 53 55 24 21 20 25 50 63 1 4 58 42 27 51 90 2 112 1 0 8 84 14 18 78 67 27 46 81 48 20 66 53 112 83 29 10 5 22 55 57 16 4 6 3 3 49 112 4 57 34 16 13 20 33 41 75 38 11 5 17 45 91 112 46 112 23 11 3 2 9 65 94 16 7 34 12 0 1 1 2 112 52 18 20 23 1 2 4 59 17 31 24 2 8 28 4 2 6 89 13 0 1 15 9 0 3 71 8 0 0 0 0 
33 2 5 43 103 3 13 77 19 13 25 4 0 24 114 80 36 45 19 1 1 19 114 56 19 14 13 38 45 55 24 18 79 0 0 10 61 38 51 114 46 23 49 73 55 25 33 56 88 108 44 12 4 10 58 30 24 4 0 0 8 88 63 10 33 44 19 4 9 45 79 54 11 5 5 15 56 114 102 23 114 21 5 3 4 29 95 97 36 1 3 2 1 3 5 13 114 40 11 4 2 4 2 38 14 1 0 0 10 44 32 7 2 0 1 18 17 18 43 15 1 2 64 74 10 0 1 4 
113 9 1 0 5 9 18 61 45 6 26 14 0 0 1 5 4 19 33 7 4 25 7 1 4 3 0 0 2 42 85 13 60 88 35 31 10 5 13 27 24 32 82 113 58 10 4 5 113 103 87 32 6 3 5 20 53 12 0 0 0 0 6 21 113 98 19 18 55 5 0 0 52 42 43 22 63 63 54 15 113 38 24 7 6 13 53 113 48 8 59 47 4 0 1 22 32 77 29 3 68 21 20 3 15 64 113 5 0 3 42 19 80 110 75 6 5 2 18 47 19 15 35 74 63 41 24 8 
4 37 46 6 7 0 0 0 3 13 13 17 128 67 24 6 121 3 2 3 32 33 50 111 47 1 0 0 0 0 0 16 41 87 77 25 24 16 15 20 27 65 91 105 44 17 10 6 107 124 54 19 4 8 20 34 20 10 0 0 0 0 0 6 18 7 81 31 20 30 43 33 62 14 33 128 128 0 1 15 128 38 9 14 13 0 0 28 36 2 0 0 0 0 0 2 0 5 102 27 11 34 66 0 55 2 38 68 16 16 77 38 128 2 0 2 1 0 8 68 16 0 0 0 0 0 0 2 
21 9 0 0 113 26 0 0 122 61 0 0 51 15 1 2 62 19 1 4 59 18 0 0 1 1 3 13 122 106 38 10 23 11 0 3 56 36 14 8 122 27 7 6 35 38 33 74 84 31 63 33 7 12 1 7 18 25 20 2 12 74 78 14 38 6 3 22 23 7 7 7 62 110 44 61 48 10 13 19 65 78 68 73 36 22 16 24 122 46 33 14 1 1 6 36 14 3 0 3 42 7 0 0 33 76 23 12 118 37 24 4 41 106 106 1 4 12 47 42 53 54 34 38 17 17 20 40 
15 31 95 80 96 34 10 13 28 54 76 102 100 23 8 17 68 84 30 40 34 9 7 15 3 2 1 2 6 2 0 0 12 14 73 103 116 78 25 24 42 14 79 129 129 9 28 36 129 41 6 37 47 2 7 32 16 1 0 0 5 1 0 1 9 10 32 54 40 108 86 23 8 1 36 56 12 35 129 36 84 2 0 13 19 4 98 129 5 0 0 7 12 1 1 4 0 0 0 0 0 12 12 4 0 0 0 0 0 3 30 1 0 0 0 1 3 0 10 4 0 0 0 1 2 0 0 0 
1 1 7 5 1 4 8 2 0 2 22 1 0 1 5 0 1 3 5 0 0 7 9 1 0 0 0 0 0 1 2 0 9 17 71 78 34 55 38 12 7 38 128 24 7 49 46 1 99 128 79 1 0 15 17 6 10 4 0 0 0 1 4 1 8 22 31 61 82 101 83 17 33 37 35 10 100 128 111 14 128 32 7 0 35 45 8 56 21 1 0 0 0 0 0 3 12 13 12 28 71 80 126 38 23 20 10 18 89 108 109 65 82 21 6 7 25 38 32 119 6 1 0 0 0 0 0 7 
16 0 0 0 0 0 0 5 36 1 2 11 94 47 16 18 97 2 1 11 60 37 41 120 40 16 25 59 55 40 31 30 32 2 1 2 2 0 0 3 54 28 48 108 52 23 9 10 139 97 37 24 11 28 37 59 29 5 6 3 15 79 121 26 36 2 0 6 14 0 0 1 81 8 9 87 139 0 0 9 139 35 12 19 19 0 1 34 37 11 70 49 9 3 6 1 37 0 0 7 27 0 0 4 90 0 0 43 139 0 0 13 139 4 2 9 17 1 0 32 11 3 18 35 57 23 4 0 
43 9 0 0 21 2 0 0 86 11 0 0 153 31 0 0 153 46 1 0 23 3 0 0 27 8 2 7 10 3 1 0 51 15 0 0 13 1 0 0 92 17 0 2 153 48 7 7 153 27 0 0 34 12 7 30 50 6 1 2 6 3 1 2 48 10 0 0 2 1 1 4 68 14 8 20 73 74 65 35 153 37 18 17 9 20 44 108 31 18 71 50 5 0 1 5 39 3 0 0 0 0 0 2 70 16 19 70 95 6 6 5 117 104 35 45 44 6 3 3 33 25 38 59 54 27 23 16 
35 17 18 18 32 29 63 63 30 7 3 4 131 78 30 43 93 5 4 7 66 20 29 92 5 0 0 6 51 1 0 2 1 1 1 8 28 13 61 23 9 17 42 128 147 27 16 13 67 75 62 41 59 11 11 28 2 1 1 11 52 4 0 1 5 1 1 4 64 2 1 3 53 7 7 58 153 1 0 1 153 18 7 11 84 8 0 15 6 0 0 0 53 6 0 1 4 4 1 1 63 6 3 5 58 0 0 12 153 4 0 2 153 0 0 2 67 2 0 9 5 0 0 0 38 2 0 0 
34 6 0 6 29 4 0 4 26 3 32 60 122 25 0 14 61 3 64 19 9 3 68 119 27 26 34 15 2 1 94 81 33 9 0 0 21 6 0 0 69 8 0 0 122 84 7 11 122 23 1 22 51 20 18 64 42 47 44 72 65 29 37 24 31 6 0 0 3 2 0 1 46 10 7 17 63 101 44 25 113 47 16 10 18 41 58 107 23 11 1 3 23 54 122 43 15 8 0 0 0 0 0 0 30 21 17 61 74 10 3 1 112 122 41 37 37 4 4 4 58 50 11 22 3 1 16 3 
0 19 58 8 16 6 20 10 3 7 13 13 123 90 22 10 77 4 2 3 46 34 40 96 10 0 0 1 32 4 1 8 51 83 112 39 33 11 10 25 32 49 60 123 94 23 7 10 74 89 42 35 38 11 16 27 3 3 1 8 39 2 1 2 32 13 67 34 36 33 54 73 61 9 28 123 123 2 1 22 123 20 7 16 50 0 0 16 8 0 0 3 33 0 0 1 0 9 114 40 14 31 68 1 42 2 42 87 26 14 86 31 123 1 0 9 29 1 13 62 3 0 0 3 21 0 0 1 
0 0 71 40 9 34 121 7 67 41 69 14 16 82 48 3 121 57 7 0 39 16 1 1 1 0 0 0 30 9 0 0 23 41 48 17 25 38 90 9 59 13 1 0 121 121 31 9 121 36 0 0 57 25 7 28 8 1 0 0 58 14 0 1 71 26 18 11 21 25 51 97 29 4 5 11 91 121 46 44 74 18 30 13 48 29 37 104 4 2 3 5 90 11 1 3 1 0 1 1 12 9 49 40 1 2 14 66 121 22 7 7 62 72 69 49 48 7 2 3 27 12 4 3 51 24 1 0 
35 1 0 0 0 0 0 12 44 4 2 15 62 58 33 22 90 4 3 4 25 31 54 124 65 2 11 1 0 0 1 38 63 0 0 3 4 0 0 18 61 15 47 124 51 16 12 20 123 96 51 39 9 7 15 30 25 25 97 79 20 2 1 7 65 0 0 7 24 0 0 15 74 12 8 92 124 0 0 8 124 63 16 21 34 9 1 16 25 19 26 42 58 57 45 25 53 2 0 7 32 5 1 12 25 20 1 37 124 46 24 3 58 124 71 3 10 15 45 4 25 94 97 0 0 11 28 18 
94
3.10753 32.1902 2.26797 11.45 0.0483471
3.43655 25.9099 2.38508 182.393 0.0606898
3.62437 14.0711 2.12261 5.50888 0.0735965
3.62437 14.0711 2.12261 175.213 0.0735965
3.96827 4.12254 2.4714 86.5175 0.0665046
5.01066 29.1104 2.33054 92.6669 0.0250548
5.01066 29.1104 2.33054 188.497 0.0250548
5.30798 10.8602 2.37624 164.958 0.0313915
5.30798 10.8602 2.37624 237.246 0.0313915
6.01985 5.94854 1.79732 190.828 0.0659022
6.01985 5.94854 1.79732 258.436 0.0659022
8.97951 16.8747 5.04927 166.376 0.0384623
10.7886 22.8594 2.50791 79.068 0.0399282
10.8344 33.459 2.61825 82.6573 0.0217216
14.7508 9.1689 5.26105 271.214 0.0308817
15.6811 15.9244 3.7482 23.8311 0.0694277
15.6811 15.9244 3.7482 121.564 0.0694277
15.6811 15.9244 3.7482 161.587 0.0694277
18.9331 22.9876 2.00297 96.1201 0.033081
18.9331 22.9876 2.00297 270.774 0.033081
24.1982 24.4417 2.07921 85.9333 0.0135442
27.8218 29.5144 1.96089 8.48663 0.0460786
27.8218 29.5144 1.96089 169.553 0.0460786
30.5217 7.44576 3.17079 60.0889 0.0592473
30.5217 7.44576 3.17079 271.643 0.0592473
32.8281 22.738 1.83897 192.092 0.0866601
33.3331 10.9185 2.96048 60.156 0.0838031
33.3331 10.9185 2.96048 126.624 0.0838031
36.7631 7.49578 3.23108 269.423 0.0584323
39.5715 32.784 3.28829 91.1735 0.0264994
42.6002 12.6408 3.2187 17.5536 0.0395085
42.8855 29.1048 1.92104 1.05191 0.0577459
43.0003 20.6659 2.49476 0.875519 0.028845
43.3269 8.02709 3.7294 29.177 0.0427107
43.3269 8.02709 3.7294 267.834 0.0427107
43.5549 10.5455 2.67444 19.9011 0.0364978
47.3814 24.2346 1.91541 240.727 0.0372344
49.0102 3.7495 1.82155 85.5252 0.0774095
49.0102 3.7495 1.82155 276.12 0.0774095
49.5133 23.8174 2.9834 240.209 0.0363056
51.5388 7.42927 3.14278 84.222 0.0615089
52.1104 33.7337 2.063 91.7433 0.0295191
52.6119 16.1732 9.09467 65.5129 0.0376426
52.6119 16.1732 9.09467 96.5546 0.0376426
53.4256 24.4861 1.90658 275.43 0.0323677
53.4256 24.4861 1.90658 302.387 0.0323677
56.2197 33.669 2.96523 268.5 0.0254075
56.2627 19.1558 5.27348 157.909 0.0347229
57.1246 25.492 2.82271 249.828 0.0344931
58.1271 33.214 2.24604 269.57 0.0272945
58.1711 6.97326 3.13384 110.304 0.0412676
60.0732 3.68105 1.97173 85.6714 0.070558
60.0732 3.68105 1.97173 275.808 0.070558
61.175 7.85953 3.86962 119.716 0.0389234
61.4798 15.2179 3.21194 170.745 0.0410989
62.3186 29.2921 2.36608 358.68 0.0356613
62.5963 33.111 2.92448 89.8692 0.0312796
68.7191 29.0582 1.86758 0.507019 0.0534107
68.7191 29.0582 1.86758 157.069 0.0534107
70.4411 6.91432 2.94117 270.448 0.0391069
72.3473 22.3763 2.01933 273.425 0.0703059
74.3206 12.4018 2.11343 358.526 0.0529227
74.8322 18.9668 3.01737 105.758 0.0485732
76.5756 14.9509 1.95787 185.563 0.0761044
76.8832 10.2191 2.00463 182.614 0.0850787
76.9839 22.4593 1.90351 82.6172 0.0764706
80.1048 33.0534 3.18621 92.9111 0.030646
80.6282 17.6639 4.78393 16.5371 0.0247661
80.6282 17.6639 4.78393 147.795 0.0247661
80.6282 17.6639 4.78393 196.391 0.0247661
88.0347 16.3492 4.04826 7.83508 0.0507917
88.0347 16.3492 4.04826 78.6405 0.0507917
88.0347 16.3492 4.04826 178.001 0.0507917
89.3598 3.6257 1.98975 92.2578 0.0586122
89.3598 3.6257 1.98975 265.523 0.0586122
89.3962 36.5488 2.05491 93.6011 0.0618479
91.0026 33.3455 2.66548 94.7408 0.037732
91.9704 19.1551 2.41972 189.682 0.0202303
94.1427 36.5304 1.89412 85.163 0.0620863
94.1427 36.5304 1.89412 279.121 0.0620863
94.1884 31.4889 2.22767 355.993 0.0717936
94.4238 8.63595 1.8576 6.71249 0.0572062
94.4238 8.63595 1.8576 256.697 0.0572062
94.677 3.48061 2.01168 83.054 0.0523621
96.8854 10.8018 2.60142 8.28369 0.0215376
99.0813 36.0987 2.54972 182.456 0.0485349
99.0813 36.0987 2.54972 268.209 0.0485349
99.3821 26.3725 2.12484 351.508 0.0583244
99.415 13.7369 2.07929 4.44461 0.0462206
99.415 13.7369 2.07929 178.194 0.0462206
99.4614 31.5872 2.0367 8.75381 0.0556967
99.4614 31.5872 2.0367 175.636 0.0556967
99.563 8.42614 1.84362 189.315 0.0500347
99.563 8.42614 1.84362 352.675 0.0500347
49 20 0 0 0 0 0 0 119 114 32 37 50 8 3 4 1 5 11 43 121 53 51 18 0 3 4 0 6 30 118 27 17 5 0 0 0 0 0 7 121 30 10 7 4 17 48 109 19 4 6 9 28 108 121 71 9 6 11 24 52 54 77 45 9 0 0 0 0 0 0 1 121 45 0 0 2 10 8 30 81 23 8 4 54 121 38 13 1 3 13 23 27 81 107 1 1 0 0 0 0 0 0 0 110 83 7 0 0 0 0 0 43 76 109 24 5 21 8 0 0 0 73 44 12 18 25 0 
44 42 56 18 4 4 7 19 31 90 78 38 13 3 4 3 4 20 30 97 107 3 1 1 0 0 0 6 8 0 0 0 20 40 120 11 1 6 5 0 155 40 61 13 8 16 20 73 16 5 10 28 139 83 24 27 0 0 0 3 17 3 0 0 31 12 10 21 41 54 32 0 156 51 1 5 40 8 3 18 55 7 0 18 156 19 3 7 0 0 0 4 34 0 0 0 21 13 61 77 25 5 1 0 156 61 5 10 29 0 0 0 55 9 0 14 156 0 0 0 0 0 0 3 33 0 0 0 
27 14 0 0 0 0 0 1 91 103 60 36 22 2 7 6 14 33 68 89 68 13 8 7 11 28 91 54 29 12 9 7 16 3 0 0 0 0 0 9 110 17 16 5 8 28 64 115 9 2 21 18 136 151 59 20 0 1 34 14 29 13 2 2 30 1 0 0 0 0 0 2 151 15 0 0 25 12 6 26 55 3 0 0 151 102 6 8 1 0 0 0 66 25 8 5 14 0 0 0 0 0 0 1 151 14 0 0 13 2 0 2 64 4 0 0 151 56 0 1 1 0 0 0 67 25 18 16 
28 6 25 7 2 0 0 0 154 5 2 4 15 0 0 22 64 0 0 52 154 0 0 5 0 0 0 13 45 0 0 0 58 6 8 4 1 0 0 1 154 29 7 14 27 0 0 20 54 6 7 88 154 0 0 3 0 0 0 11 38 0 0 0 33 6 1 0 1 17 75 17 152 126 60 23 7 8 29 21 9 24 62 140 96 12 9 1 0 0 0 11 13 0 0 0 27 14 18 20 26 46 65 31 64 8 6 5 31 44 77 106 2 1 7 13 107 75 32 8 0 0 0 1 6 2 0 0 
14 0 0 0 0 0 0 6 122 11 5 3 11 27 33 109 19 7 7 15 59 108 70 47 9 5 4 14 50 65 73 24 41 1 0 0 0 0 0 3 142 35 6 0 20 32 6 56 48 21 24 6 89 142 79 19 10 9 12 41 88 96 52 13 23 11 0 0 0 0 0 0 141 142 88 0 0 4 1 2 13 77 142 24 6 46 29 1 10 17 108 93 52 49 18 8 1 1 0 0 0 0 0 0 2 16 14 0 0 0 0 0 0 9 56 2 0 0 0 0 0 5 28 11 0 0 0 0 
16 19 24 43 63 2 0 1 77 4 1 10 21 0 2 31 57 6 1 1 3 17 79 76 43 16 4 2 4 18 36 52 3 15 30 20 3 3 117 38 97 12 1 5 3 30 117 45 117 55 8 6 8 12 29 68 48 2 3 5 13 12 43 95 0 7 117 7 2 8 117 26 13 10 86 67 40 77 111 15 91 91 61 9 7 9 20 81 9 26 117 14 4 1 36 59 0 10 117 3 0 0 0 0 0 9 93 35 2 0 0 0 3 54 58 5 0 0 0 0 0 11 96 3 0 0 0 0 
29 54 54 11 4 2 5 16 35 104 54 2 4 5 12 10 19 48 10 22 116 26 2 1 0 0 0 6 65 5 0 0 79 72 51 11 2 2 4 19 26 66 114 65 11 6 7 11 15 63 93 87 75 13 9 11 0 0 1 35 56 10 1 0 5 37 89 10 0 4 13 0 108 50 108 27 1 4 2 17 116 24 12 6 70 69 37 72 0 0 0 3 107 53 4 0 0 1 10 10 12 29 83 7 114 49 4 14 34 32 10 1 116 70 0 0 102 15 1 5 1 1 0 1 116 17 0 0 
0 0 28 120 36 0 1 0 68 6 7 15 5 0 1 15 120 5 2 17 19 0 0 82 24 1 1 91 117 0 0 9 12 0 13 15 0 6 49 49 83 10 1 1 1 34 84 32 120 88 49 59 18 3 11 30 4 5 21 120 67 1 0 1 88 24 9 4 3 13 38 72 34 12 13 14 18 61 89 85 20 18 18 21 77 74 83 68 0 1 8 30 43 17 1 0 35 36 14 3 4 8 64 67 28 19 27 14 10 3 91 120 13 1 5 84 120 16 9 45 0 0 0 15 42 2 0 0 
0 116 67 1 0 75 17 0 0 27 26 12 28 116 28 0 0 0 1 5 36 65 13 1 0 0 0 0 0 4 9 0 0 116 102 4 2 2 0 0 12 116 116 46 29 25 1 4 66 25 25 30 37 37 72 58 6 8 0 0 0 116 104 14 6 9 9 3 21 39 1 3 79 37 29 2 1 2 10 94 100 102 13 8 13 12 28 63 65 96 4 15 22 88 35 11 6 4 1 15 90 34 0 1 61 86 26 3 2 1 2 21 66 61 52 23 14 5 5 24 85 28 19 88 22 0 0 22 
24 2 1 1 2 8 66 66 23 7 2 2 13 36 75 43 51 7 7 2 12 38 66 95 1 0 0 1 57 79 21 2 76 72 38 13 5 5 14 28 52 19 33 58 37 22 26 27 125 27 0 2 45 27 11 50 8 1 0 0 125 72 2 2 57 31 14 2 3 12 23 67 28 12 40 13 0 0 125 125 70 4 69 39 28 5 34 120 4 0 19 66 125 25 0 3 38 45 29 17 19 13 4 14 16 38 125 29 0 0 11 20 1 0 125 74 1 0 3 4 0 0 66 83 16 0 0 0 
45 16 4 14 24 13 22 46 20 22 12 0 0 32 124 42 0 4 4 0 2 90 124 0 0 0 0 0 29 87 49 0 65 65 21 12 2 3 11 33 28 124 124 1 4 13 27 11 57 124 43 10 37 38 50 2 3 3 0 40 124 52 11 0 86 30 16 9 10 15 25 67 57 26 27 32 63 40 17 14 124 54 11 36 55 1 0 21 6 2 2 83 124 0 0 0 22 61 67 12 3 0 0 1 25 40 61 43 13 0 2 7 52 88 63 44 16 3 7 8 0 1 16 77 60 1 0 0 
17 36 54 52 7 5 9 4 10 42 38 13 8 28 32 3 74 124 23 6 4 5 3 7 14 28 37 17 8 1 1 3 124 117 30 37 19 1 4 11 67 38 45 124 72 15 13 11 124 55 29 51 9 3 1 12 26 5 4 20 7 1 1 4 37 114 62 24 10 46 79 3 56 45 100 124 19 7 41 96 124 48 37 32 5 9 22 58 5 5 17 14 1 1 0 0 1 5 24 12 3 69 100 4 35 28 15 11 3 24 65 124 15 11 28 38 28 34 38 59 0 0 2 2 3 3 0 0 
27 59 74 32 25 24 42 21 44 6 22 42 62 43 17 22 35 3 2 42 100 1 2 18 22 2 0 14 30 0 0 2 21 110 130 16 2 0 0 1 130 48 69 31 15 1 2 18 31 5 3 55 130 2 2 9 31 0 0 8 21 0 2 11 39 15 5 0 0 16 113 13 130 89 35 16 4 5 51 12 23 18 38 82 44 1 16 10 58 1 0 5 4 3 29 77 1 22 46 0 0 52 130 4 3 22 31 1 0 58 130 7 11 4 14 7 7 77 130 13 88 11 2 2 4 17 28 58 
29 1 0 12 53 0 0 1 105 1 0 0 0 0 0 10 126 0 0 5 28 0 0 51 30 0 0 22 120 0 0 6 41 1 0 17 40 0 9 35 113 4 0 0 0 9 60 48 126 64 25 24 26 3 9 38 12 8 18 48 82 2 1 2 126 8 2 10 4 8 43 85 80 16 5 8 19 63 112 101 64 26 15 9 24 49 64 126 0 3 12 16 23 37 17 3 60 20 18 15 19 60 61 56 57 38 24 6 7 4 90 115 30 3 16 28 83 12 47 93 0 0 0 17 62 6 1 1 
0 1 89 65 14 21 6 1 15 54 76 51 23 20 6 16 16 53 26 21 28 60 21 22 0 0 1 8 13 20 0 0 9 2 57 52 24 90 74 10 20 99 69 41 67 118 49 1 87 120 54 32 22 19 5 18 1 0 2 15 9 12 2 1 16 8 70 99 24 23 28 7 59 5 44 123 114 54 31 7 123 6 1 7 36 16 7 27 6 0 0 0 19 10 1 1 1 1 4 28 34 53 114 11 19 0 3 17 13 102 123 42 123 0 0 1 35 49 40 42 5 0 0 0 24 2 0 1 
8 6 51 42 59 12 10 14 1 2 119 108 5 2 23 17 28 11 62 50 0 7 26 6 119 62 12 3 0 0 1 28 16 0 3 82 103 16 2 13 81 7 5 12 15 26 108 119 16 3 1 2 31 119 119 30 88 49 3 0 2 20 21 20 39 3 0 15 59 119 14 14 119 84 7 7 9 19 16 65 20 27 13 21 68 110 44 9 12 3 2 6 7 48 81 21 25 6 0 0 50 119 10 11 52 16 17 4 10 37 14 56 10 6 50 37 2 5 6 7 26 4 16 17 3 7 8 17 
1 10 120 113 20 1 0 0 34 22 62 50 3 0 1 19 82 19 9 3 4 13 7 37 4 18 15 4 15 26 2 2 26 8 45 27 29 39 0 5 120 32 18 5 0 1 21 120 47 10 24 38 17 21 50 97 5 9 19 11 38 43 1 2 21 18 0 1 80 120 2 1 104 120 80 9 5 14 12 25 16 52 120 112 9 5 7 22 19 52 62 18 9 2 7 71 7 23 14 6 60 66 27 8 2 14 14 1 7 58 117 22 17 9 34 5 1 25 45 120 14 8 28 12 0 0 18 120 
4 23 26 53 44 1 0 0 42 72 15 7 2 7 15 9 8 8 6 7 3 43 45 4 16 34 8 8 6 25 11 4 18 20 16 98 62 3 0 0 118 86 16 10 4 3 7 59 27 13 32 110 86 19 17 28 82 20 59 59 15 7 1 16 12 22 6 63 26 29 25 0 86 118 97 18 2 7 10 8 16 35 117 118 43 2 11 16 118 17 13 41 7 0 7 47 0 12 19 1 2 99 118 0 1 16 24 3 2 103 115 10 14 4 19 8 1 14 64 114 47 9 8 6 8 10 65 61 
24 42 25 8 1 0 0 10 36 4 5 5 2 3 35 102 29 45 27 1 18 32 41 27 9 37 124 2 4 2 0 0 90 21 0 0 0 8 59 21 136 20 0 0 14 12 24 94 16 2 1 8 136 48 22 23 21 21 2 4 23 2 0 0 20 2 0 5 47 126 136 30 136 24 1 3 54 49 31 27 43 7 2 8 136 39 2 4 27 14 0 1 36 6 0 0 1 2 54 64 119 32 12 3 108 51 15 30 78 18 2 5 27 18 6 14 136 37 2 5 18 6 0 1 46 9 0 0 
27 2 0 0 26 4 0 1 134 19 2 4 14 10 5 17 60 8 2 9 122 41 14 26 114 12 2 1 5 4 76 76 27 1 0 0 32 11 0 3 134 10 2 7 31 4 1 17 65 40 21 44 134 11 1 5 74 134 134 18 16 0 0 10 23 2 0 0 23 16 4 7 134 38 26 27 14 2 1 19 13 10 26 100 134 6 0 0 0 26 91 21 78 9 0 0 4 2 2 3 16 63 116 0 15 28 51 32 35 35 12 0 1 2 34 96 35 6 7 5 0 0 0 8 27 42 15 3 
47 21 23 35 36 0 0 1 22 35 88 33 13 0 0 3 77 113 47 8 0 0 23 43 7 76 113 2 0 5 72 24 20 46 37 32 13 0 2 11 68 12 4 12 6 1 22 34 113 96 46 0 0 1 52 101 14 56 113 3 1 2 113 39 98 13 4 0 0 1 10 74 32 3 1 3 28 32 98 105 26 80 57 6 40 26 15 3 14 69 113 2 0 0 0 0 113 0 0 1 9 45 44 46 80 0 0 20 113 13 15 44 16 8 1 25 82 4 1 0 34 8 0 0 0 0 0 0 
14 0 1 5 14 20 51 44 17 2 0 0 6 46 72 53 46 37 8 1 7 20 58 113 22 17 27 26 20 25 27 29 117 6 1 2 9 15 21 53 101 4 0 0 117 117 26 34 117 15 0 3 57 47 14 52 70 9 0 6 91 47 4 9 117 37 4 0 5 3 3 11 84 33 25 22 103 81 4 13 117 47 46 25 48 20 4 17 26 23 23 38 83 10 5 1 29 28 7 0 0 0 72 30 9 28 47 26 8 2 96 27 2 12 41 14 2 1 117 30 0 2 19 16 3 1 117 28 
10 15 42 2 16 26 22 17 6 27 85 1 6 34 52 17 2 37 114 1 3 18 35 10 0 36 114 3 8 17 13 1 80 4 0 21 60 7 5 53 54 7 5 63 114 33 26 45 114 22 8 33 52 29 37 30 8 2 15 39 114 39 14 5 98 34 28 38 22 2 3 13 67 25 32 114 114 0 0 6 114 37 18 65 71 0 0 13 7 1 10 99 114 0 0 0 6 14 39 27 67 74 33 12 10 25 74 75 27 5 0 0 32 78 93 45 11 0 0 1 6 3 22 58 25 3 13 10 
10 0 0 0 0 0 0 18 58 0 0 34 18 0 0 108 18 0 0 109 63 2 20 57 15 6 0 9 5 12 70 68 45 0 0 6 3 0 0 89 60 5 4 116 54 0 0 76 116 15 6 52 26 4 63 116 13 6 12 29 19 14 92 83 51 0 0 66 31 0 0 100 63 14 3 116 69 0 0 16 116 116 32 30 4 1 1 16 18 50 48 96 13 2 2 3 16 0 0 116 56 0 0 30 14 26 6 57 23 0 0 2 18 116 30 3 0 0 0 1 7 67 35 23 2 0 0 0 
0 0 5 10 5 22 36 2 46 1 0 1 3 22 29 4 123 5 0 0 56 4 1 2 6 0 0 0 94 4 0 0 25 0 0 0 0 39 123 37 36 0 0 0 46 123 77 11 123 4 0 0 75 21 2 7 9 0 0 0 123 5 0 0 70 7 5 7 3 26 36 60 31 6 7 77 123 123 22 20 123 8 1 16 94 35 3 13 11 0 0 0 123 6 0 0 23 30 27 47 9 2 7 11 16 6 17 123 93 5 0 1 123 12 2 19 65 5 0 1 11 0 0 0 103 6 0 0 
46 55 35 21 17 1 0 0 15 25 23 44 52 5 8 10 15 38 51 68 29 16 9 3 3 19 27 64 31 3 0 0 29 29 88 16 0 0 0 3 139 15 28 18 6 18 54 129 12 2 9 31 107 139 70 33 0 0 6 23 64 48 6 0 50 8 8 6 0 2 32 18 139 31 2 7 23 6 6 51 46 6 2 61 139 58 5 9 0 0 12 23 76 29 31 1 21 1 3 17 10 15 47 36 139 31 16 23 12 2 7 55 20 12 19 139 139 21 4 2 1 0 20 42 31 10 35 17 
46 0 0 27 15 0 0 85 18 0 0 115 65 2 13 45 20 7 0 14 7 14 75 80 9 66 3 0 1 32 65 9 42 4 3 107 42 0 1 56 106 8 3 49 30 4 76 119 15 4 8 19 17 16 119 119 1 3 7 14 62 55 55 15 59 8 3 119 52 0 0 12 119 95 25 29 3 1 5 32 23 43 54 119 22 6 9 9 23 37 16 16 35 47 7 4 22 25 5 46 18 0 0 1 33 119 36 6 0 0 0 1 7 77 49 53 5 0 0 0 21 112 25 5 2 13 2 1 
33 15 48 19 3 14 1 30 95 11 8 5 1 6 24 103 13 3 5 10 12 52 64 26 3 5 28 14 3 12 71 47 46 48 2 0 25 112 2 7 118 72 5 2 4 15 8 41 27 12 19 30 83 70 12 16 1 5 85 52 36 19 2 4 27 65 0 0 28 118 4 3 103 118 91 5 25 58 4 8 9 97 118 75 51 25 1 2 0 0 55 103 41 19 0 0 24 112 0 0 9 26 0 0 7 48 20 3 53 118 0 0 0 51 83 27 16 44 0 0 2 3 44 51 0 0 0 0 
41 0 0 0 1 29 61 48 24 0 0 3 74 119 46 18 119 0 0 1 69 25 3 17 8 0 0 1 101 0 0 0 51 19 11 27 7 14 21 39 30 10 15 119 119 58 5 10 119 10 3 29 101 14 1 10 9 0 0 0 119 1 0 0 13 40 75 77 8 6 6 4 28 2 37 119 85 8 2 1 119 6 1 13 87 3 0 5 8 0 0 1 119 1 0 0 0 2 21 13 3 58 97 0 18 1 15 23 16 90 69 3 113 25 4 17 41 18 6 8 3 2 1 16 65 3 0 0 
70 28 18 20 32 31 10 50 22 20 6 12 95 33 27 39 18 34 29 26 47 23 32 37 0 1 8 17 4 15 14 1 93 126 90 14 6 1 7 29 52 58 126 90 63 19 24 33 126 14 11 19 66 35 29 62 4 0 0 0 47 30 12 3 60 39 18 1 6 21 79 125 52 21 57 19 10 27 126 55 126 7 4 5 79 9 14 22 9 0 0 0 85 2 0 0 43 51 48 29 20 31 33 33 39 26 25 27 18 36 30 19 126 5 1 8 67 11 2 4 8 0 0 1 72 0 0 0 
0 0 75 51 0 1 63 43 9 2 106 94 4 9 46 22 45 12 58 36 3 7 55 67 3 2 38 21 1 9 115 69 1 0 48 39 4 73 124 40 37 1 29 19 17 100 84 31 124 17 3 2 3 16 30 67 36 18 1 0 1 15 70 41 10 20 50 28 13 73 83 23 14 5 6 37 80 124 53 6 124 28 0 2 25 34 8 18 90 17 2 6 24 29 10 11 52 21 32 19 27 5 3 22 3 4 26 83 64 12 2 2 106 60 13 13 12 9 2 6 53 52 25 56 24 3 1 1 
5 0 0 0 8 22 32 19 29 4 0 0 0 8 84 77 42 49 43 12 1 16 79 23 4 4 48 60 4 20 67 18 50 0 0 1 71 27 4 16 125 2 0 0 7 39 65 114 28 7 4 10 91 125 88 25 105 12 4 5 50 34 41 36 52 3 0 6 69 25 1 7 125 74 48 17 9 7 3 13 26 26 109 53 86 92 11 7 80 25 47 13 42 36 13 16 10 3 1 10 22 11 81 3 35 54 52 13 1 3 96 6 1 22 120 27 4 21 46 1 3 17 91 12 2 5 14 16 
30 11 53 76 27 54 19 10 30 0 10 71 118 89 9 26 134 4 0 0 6 8 8 99 52 5 3 2 37 45 19 25 9 17 65 107 40 7 5 7 61 15 36 56 42 54 12 25 134 30 2 4 6 5 2 89 67 13 8 47 104 15 3 19 1 12 39 40 60 13 18 4 65 15 41 19 4 1 17 35 134 71 55 30 2 0 7 24 31 35 74 134 33 5 6 2 5 0 0 3 35 58 40 10 52 2 0 0 4 13 61 100 25 19 19 8 10 35 80 35 10 5 14 21 14 43 44 18 
0 0 0 0 0 0 5 8 2 0 1 3 2 1 38 35 16 9 23 14 3 1 24 75 4 2 17 34 17 5 43 46 0 0 15 34 0 0 44 87 8 3 48 121 8 3 54 47 107 19 40 41 4 2 40 91 21 1 8 10 0 1 99 121 15 2 36 70 4 12 99 71 11 1 23 59 4 67 121 19 121 42 3 4 2 44 41 39 121 24 1 1 2 2 18 52 92 39 36 6 1 10 55 93 3 9 29 28 34 85 106 7 81 37 2 21 53 67 17 4 95 94 14 22 8 2 2 3 
29 51 23 15 1 14 22 35 20 7 19 130 95 41 11 23 100 10 4 50 96 19 2 11 9 0 0 2 83 0 0 1 16 61 81 44 1 36 44 2 22 7 59 130 40 42 21 2 130 17 3 42 72 5 3 6 10 2 0 11 91 0 0 0 2 4 6 9 9 130 130 4 10 0 3 23 66 130 112 4 85 22 1 25 58 62 19 29 2 3 0 21 48 12 1 1 3 5 3 9 26 32 16 8 6 1 0 29 130 44 4 1 57 11 2 22 89 26 5 26 1 1 0 8 41 16 1 2 
0 0 55 43 0 0 81 65 4 1 80 109 10 11 57 27 17 16 80 49 6 8 44 53 2 2 63 41 1 12 81 43 1 0 104 80 1 10 40 43 45 2 60 51 12 39 42 25 117 18 14 9 1 8 49 94 13 20 15 4 1 19 117 46 2 1 3 9 10 88 117 51 32 2 0 11 66 113 59 20 117 60 2 1 8 16 10 15 53 25 8 2 7 39 25 17 23 19 23 42 9 30 32 5 8 4 6 69 73 77 39 4 117 28 0 3 22 20 8 10 98 30 1 4 22 20 2 5 
10 21 61 19 7 41 20 13 4 25 73 75 28 15 8 5 1 0 3 68 56 35 34 14 10 2 0 3 15 44 13 6 1 62 78 15 16 60 27 2 41 7 22 80 72 26 11 12 119 2 1 10 16 84 67 95 4 2 0 0 13 119 111 7 0 25 52 19 33 60 10 1 76 12 29 59 18 7 27 10 119 116 7 2 2 34 23 27 12 37 20 2 15 119 80 7 6 0 4 41 47 14 10 30 33 6 0 2 5 21 105 84 38 119 11 0 0 57 90 11 10 99 52 3 4 14 13 6 
17 0 0 0 0 0 0 1 135 0 0 1 7 1 1 35 54 0 0 22 135 15 3 15 56 51 2 11 67 2 0 3 30 1 0 0 0 0 0 2 135 20 3 8 15 0 0 21 54 8 4 67 135 0 0 5 55 6 0 12 74 1 1 91 20 8 0 0 0 0 0 3 120 92 24 18 4 5 7 25 24 26 29 128 113 17 5 7 135 39 3 11 25 1 1 103 28 1 0 0 0 0 0 9 114 4 1 2 16 20 20 89 10 6 2 14 135 67 15 14 41 103 27 4 20 2 0 1 
61 22 0 1 6 43 21 2 102 102 25 33 39 4 2 3 1 4 8 48 129 15 1 0 0 0 0 1 7 1 0 0 31 7 0 27 135 88 13 8 126 33 9 8 16 30 33 92 5 1 3 12 103 123 27 13 0 0 0 0 14 10 0 0 49 7 1 96 118 5 0 1 135 30 0 2 32 14 4 22 31 3 0 0 135 70 4 5 0 0 0 0 42 9 0 0 29 3 0 8 62 89 1 1 135 48 2 2 17 7 1 1 37 13 3 14 135 28 0 0 0 0 0 1 46 7 0 0 
38 8 9 6 13 9 4 50 23 14 44 47 35 26 15 26 1 0 8 49 118 75 32 8 24 9 5 5 18 40 26 33 28 14 22 12 16 24 15 37 25 12 59 83 45 17 5 10 118 23 7 22 13 67 100 78 11 9 5 2 9 118 114 11 19 2 15 70 43 26 14 40 27 3 10 32 53 24 70 118 118 67 6 2 1 13 102 90 14 48 40 11 17 118 19 4 50 10 29 78 23 2 2 11 118 23 5 8 2 0 29 118 7 9 7 8 10 32 83 31 1 6 24 19 20 39 23 1 
38 21 3 1 0 1 2 15 42 24 14 56 52 19 7 29 95 7 2 11 17 3 30 119 17 12 5 0 0 13 119 42 97 3 0 1 5 3 4 39 91 15 2 23 119 37 11 43 119 41 4 5 16 3 10 63 45 22 17 3 0 1 24 28 103 31 4 10 7 1 1 12 93 37 9 70 109 6 2 43 119 55 26 5 9 1 2 99 20 30 32 7 0 2 16 25 83 3 1 2 18 7 3 40 34 47 12 22 119 19 5 20 28 119 94 2 4 0 12 16 6 102 113 0 0 1 9 9 
31 30 13 28 31 13 12 88 12 5 0 42 125 49 4 9 39 46 39 16 19 10 41 32 3 5 32 33 8 16 45 10 21 28 79 38 28 6 4 26 26 3 15 31 125 49 2 6 125 2 0 0 37 25 55 83 18 1 0 1 118 65 58 18 10 28 106 4 2 1 104 38 32 12 27 16 107 45 39 26 125 50 13 16 49 12 1 4 25 13 13 54 125 2 0 1 13 19 100 13 3 4 84 37 11 9 25 34 125 26 28 18 50 64 32 21 41 5 9 8 3 12 36 55 14 4 14 3 
1 1 0 0 0 0 0 0 56 32 7 0 0 0 1 39 92 7 1 4 8 22 43 126 4 1 1 14 59 117 49 14 32 3 0 0 0 0 0 7 132 30 4 1 1 0 11 132 75 10 9 43 51 15 36 132 2 2 1 34 39 34 16 2 52 22 6 0 0 0 3 44 132 130 35 3 1 0 3 99 47 91 88 48 32 5 4 17 3 3 2 8 16 7 1 2 26 101 61 37 6 1 0 17 97 132 47 2 0 0 0 36 118 43 10 1 0 0 2 58 6 1 0 0 0 0 2 10 
6 12 13 1 2 0 0 2 136 56 9 1 2 5 15 53 35 8 0 7 35 71 76 31 0 1 1 1 6 9 24 13 30 21 12 0 0 0 0 1 136 99 16 2 3 4 4 76 63 21 19 32 84 52 10 37 0 2 2 4 16 15 4 1 21 23 0 0 0 0 0 2 136 136 38 4 1 0 0 17 52 109 136 58 21 4 1 5 48 27 12 5 4 2 2 7 4 3 3 2 0 0 0 2 77 80 119 23 4 0 0 12 57 136 136 8 1 0 0 3 77 124 5 0 0 0 0 2 
0 0 94 54 10 12 41 5 5 17 18 63 60 21 11 8 28 112 40 2 5 1 28 51 9 54 112 10 0 1 48 28 1 0 21 11 9 30 112 7 27 1 4 8 59 77 37 21 112 28 6 0 3 4 52 112 12 14 34 2 0 1 112 59 20 3 4 57 31 21 30 31 37 22 6 77 109 29 6 18 112 112 6 2 3 1 24 112 12 27 30 22 2 7 76 37 15 10 9 64 30 37 17 11 10 25 6 56 39 79 13 0 112 112 12 2 4 5 1 3 39 46 77 17 3 15 20 8 
1 19 11 22 53 65 15 9 23 90 96 6 18 9 2 30 36 22 88 34 0 0 19 110 14 5 20 14 1 7 22 90 0 0 12 100 35 19 47 30 65 31 0 4 16 49 42 33 110 98 22 6 0 2 8 97 21 7 27 29 6 1 27 91 9 4 1 7 3 18 69 74 20 11 2 14 79 110 33 12 110 110 65 7 18 10 2 26 37 110 72 23 11 3 17 25 63 43 4 9 14 2 5 13 9 3 3 55 110 37 39 7 4 54 27 11 31 47 44 1 19 110 80 17 3 5 2 6 
21 5 1 0 0 1 9 36 37 10 4 17 75 61 38 46 75 36 27 20 24 20 13 17 8 10 22 73 48 44 13 9 19 45 29 2 0 0 3 8 52 54 78 120 68 14 8 10 122 18 7 35 31 18 26 53 36 8 4 52 93 84 30 34 23 5 7 0 1 3 17 51 58 14 18 21 89 93 48 52 122 84 40 31 50 14 1 8 44 40 29 97 122 9 1 4 85 1 0 0 5 1 1 11 74 8 3 18 122 16 4 20 34 62 53 20 49 14 64 75 14 10 32 51 25 39 71 42 
13 6 1 2 5 57 40 19 11 9 7 15 34 39 22 9 21 16 13 9 4 14 38 17 13 8 6 11 5 9 15 6 24 47 87 40 9 28 12 2 72 18 31 28 31 55 81 51 15 14 12 10 20 118 92 21 4 27 38 35 30 32 26 3 34 73 108 55 3 21 4 0 118 118 67 14 3 6 6 17 12 36 78 92 35 66 28 5 8 4 17 118 108 30 28 19 7 25 27 20 12 51 6 1 23 118 84 6 6 11 4 7 1 65 118 118 8 6 5 1 78 71 28 97 6 5 15 24 
48 6 15 45 21 2 4 36 22 8 27 12 20 58 33 29 21 10 29 43 41 37 21 32 92 91 12 5 2 10 50 36 107 12 8 14 21 6 1 73 33 7 33 114 70 24 10 29 100 9 9 36 36 13 27 115 20 15 4 1 1 18 98 76 36 74 65 11 10 20 40 22 34 23 78 75 75 23 16 7 115 91 23 11 12 3 14 34 27 49 58 15 7 10 21 13 19 11 37 20 15 59 70 24 39 5 16 22 16 48 75 61 31 73 39 4 6 82 115 26 1 57 115 18 18 47 9 0 
81 37 37 14 20 1 0 3 40 16 27 49 121 1 0 2 102 22 2 4 9 6 27 28 5 1 4 17 35 35 58 12 12 19 45 11 5 11 41 38 48 14 32 33 52 43 30 15 121 48 7 21 10 4 4 65 10 5 17 121 45 51 16 17 121 0 0 0 36 13 20 50 44 15 4 8 121 38 16 21 99 67 98 9 12 4 5 45 6 8 113 62 34 59 18 7 121 2 0 1 49 0 0 1 28 9 4 11 121 1 4 12 25 24 62 5 11 1 100 54 1 1 54 19 7 22 121 8 
67 65 0 0 56 36 0 0 18 78 22 3 92 50 0 2 15 54 85 14 1 0 14 32 9 35 44 6 0 0 35 79 75 107 7 3 26 12 0 0 50 39 14 18 118 62 0 6 118 29 11 1 13 4 28 118 32 22 15 1 0 0 63 113 28 59 10 3 2 0 0 2 71 43 16 20 60 60 24 22 118 118 6 1 23 33 6 10 62 65 17 13 1 0 5 27 23 8 0 0 0 0 0 1 103 70 3 2 41 40 7 11 106 75 6 5 85 55 2 7 99 59 40 12 1 0 0 6 
17 0 0 0 0 0 0 1 143 0 0 2 13 0 0 21 64 1 0 33 143 0 0 5 59 33 1 10 60 0 0 0 30 1 0 0 0 0 0 1 143 18 3 9 22 0 0 18 56 7 3 69 143 0 0 3 28 26 2 12 60 0 3 17 19 9 0 0 0 0 0 1 127 106 40 23 6 2 5 11 14 22 40 143 130 8 3 6 91 2 0 13 26 0 5 103 18 1 0 0 0 0 0 10 80 11 5 2 13 24 34 99 21 5 5 17 106 76 24 24 106 31 1 2 10 4 3 101 
32 19 0 36 95 67 1 2 78 108 42 40 31 4 5 9 1 4 15 62 91 21 5 1 0 0 0 1 3 2 0 0 34 3 1 72 133 3 0 8 145 16 6 6 12 27 44 111 7 1 2 6 110 136 41 19 0 0 0 0 15 10 0 0 47 3 3 33 46 21 3 2 145 31 0 0 31 15 4 22 43 4 0 0 145 75 4 5 0 0 0 0 41 9 0 0 21 2 0 0 37 67 10 1 145 34 0 0 21 7 0 0 56 7 0 0 145 42 0 0 0 0 0 0 50 9 0 0 
18 48 11 2 52 60 0 0 88 61 43 3 16 22 0 14 39 77 101 8 0 0 0 8 9 50 63 22 20 14 8 17 35 98 0 0 32 38 0 0 30 71 52 6 103 78 0 2 109 48 90 8 6 3 7 118 44 22 18 3 2 7 30 118 11 62 10 0 5 3 0 0 41 64 37 18 102 46 6 4 118 118 2 1 18 14 9 47 78 85 18 5 1 0 2 34 1 5 3 0 0 0 0 0 60 41 12 2 6 14 13 7 71 118 7 4 31 48 13 4 59 118 72 7 2 1 0 1 
13 21 17 9 7 27 37 14 4 4 22 41 53 46 58 7 42 6 5 15 46 33 64 95 5 7 8 2 7 58 105 36 19 33 67 44 9 0 0 2 31 18 77 126 35 0 0 3 126 57 18 32 9 1 5 43 25 13 16 16 36 32 12 12 45 58 51 56 21 0 0 0 67 29 31 121 65 0 0 8 126 95 41 23 8 0 0 37 30 37 62 28 20 3 0 1 2 27 60 27 2 36 91 1 11 42 47 55 5 53 89 0 27 126 109 7 2 24 26 5 7 59 126 23 3 6 20 3 
0 8 94 72 5 16 22 11 36 44 32 52 12 26 19 6 51 84 100 15 2 8 13 15 3 15 107 41 4 9 12 5 1 3 12 8 12 76 77 49 40 5 4 8 117 81 34 28 117 20 7 3 25 36 37 74 26 4 7 7 57 67 29 18 1 14 117 27 8 10 10 6 26 17 53 72 105 9 14 3 112 106 81 18 23 6 14 7 15 19 111 26 39 23 10 6 19 11 31 4 7 9 39 41 5 9 26 12 4 14 117 16 2 15 41 3 2 13 117 3 0 6 52 2 0 8 117 1 
16 31 14 14 42 14 14 38 22 12 14 16 102 41 25 21 126 1 0 3 92 8 0 8 14 0 0 0 100 4 0 1 31 60 80 46 47 6 14 38 38 23 90 121 89 30 29 19 126 6 2 21 93 7 1 10 17 0 0 1 117 6 0 1 68 16 30 25 17 26 39 81 41 9 26 23 66 104 86 33 126 57 19 30 57 18 5 12 9 6 10 40 68 1 0 0 96 17 4 9 41 26 6 55 32 8 5 16 126 27 5 23 23 40 20 16 53 19 32 48 0 3 11 23 5 21 22 3 
20 36 75 30 3 11 25 17 1 30 99 41 5 17 36 8 10 49 34 42 6 7 38 35 5 45 111 2 7 18 19 12 111 6 1 1 9 41 42 60 14 7 4 20 91 111 50 12 111 18 4 14 31 21 26 48 42 3 2 11 93 33 14 16 111 69 52 19 11 7 2 5 12 20 102 45 90 87 10 6 111 25 49 26 34 33 14 29 44 20 21 67 98 3 0 1 14 42 57 16 2 2 60 1 1 27 111 23 2 4 80 1 3 20 111 16 3 4 78 1 3 10 53 43 13 3 66 0 
7 1 0 18 63 34 24 50 6 13 10 6 10 61 97 54 1 54 48 2 3 90 54 1 1 94 82 0 1 22 23 1 63 3 3 32 36 3 4 88 33 15 11 107 84 17 14 55 96 31 8 18 10 79 80 26 4 6 4 10 58 96 108 7 42 40 50 25 11 32 10 13 27 22 42 73 58 8 12 23 108 73 16 23 14 5 15 48 16 12 8 108 108 16 12 8 2 5 14 10 77 98 30 26 3 18 22 3 4 67 83 32 12 89 37 24 5 36 38 4 13 11 19 84 43 9 3 4 
0 0 16 7 5 53 66 0 37 0 4 11 40 108 18 8 125 0 0 0 69 16 2 20 5 0 0 0 121 9 0 1 0 0 27 45 31 32 26 0 38 2 17 77 93 51 7 3 125 2 0 6 98 11 1 10 7 0 0 0 125 8 0 0 6 4 17 29 76 50 55 5 39 1 10 34 51 88 51 7 125 1 0 2 89 17 1 15 8 0 0 0 125 11 0 0 16 29 96 10 4 26 54 6 24 1 47 68 79 63 36 3 125 1 1 7 76 13 1 10 6 0 0 0 121 9 0 0 
12 12 18 26 29 11 13 7 93 83 31 3 9 9 8 27 9 29 93 13 6 17 57 18 1 2 31 45 15 25 40 3 6 5 26 24 34 41 46 10 100 34 13 8 20 15 34 123 13 12 64 67 17 12 123 65 0 10 110 33 2 14 93 4 17 4 35 24 16 27 46 5 123 24 2 19 38 13 3 29 40 5 35 123 123 25 5 9 36 21 118 38 17 4 1 20 4 9 78 31 17 17 20 2 123 101 28 18 25 9 0 1 22 31 34 49 123 48 0 0 45 31 4 6 39 13 0 9 
2 3 30 0 12 58 49 14 6 11 43 0 0 3 85 44 10 7 42 0 6 24 120 71 0 4 36 0 24 58 46 3 8 5 6 12 102 51 17 11 55 65 33 3 12 7 52 39 120 48 2 14 83 23 55 76 3 1 0 24 120 44 16 4 25 0 0 13 78 18 50 49 45 17 9 18 27 38 120 73 120 40 28 38 113 2 12 84 2 0 3 35 120 4 1 3 64 1 0 4 39 26 6 30 28 22 19 50 120 13 6 11 10 61 105 55 22 2 7 4 0 0 16 45 31 2 5 3 
5 53 84 12 0 1 14 10 27 44 67 27 1 3 12 10 29 34 10 16 52 46 36 26 1 0 0 2 28 53 102 19 8 7 25 6 7 23 114 97 70 10 8 5 49 112 91 29 114 21 0 1 32 74 51 77 9 8 8 6 60 68 55 27 34 74 114 37 7 6 29 26 58 54 33 11 48 52 76 54 107 15 8 31 52 22 36 105 10 13 13 41 114 37 2 7 58 34 20 5 1 1 12 75 67 64 23 1 0 0 10 40 34 55 12 6 13 20 8 10 7 6 7 16 78 72 3 4 
5 20 22 18 4 0 0 1 5 27 95 34 0 2 20 13 68 56 65 17 0 7 23 9 104 48 5 6 53 5 0 4 20 2 2 7 5 0 1 8 104 3 2 3 5 19 83 132 56 7 9 16 31 98 121 54 99 20 45 38 56 5 6 29 44 9 2 11 4 0 0 1 132 34 0 8 35 8 6 29 39 8 31 95 132 52 11 9 18 18 132 55 16 11 10 3 31 9 6 10 0 0 0 0 132 65 24 10 18 5 0 7 29 13 41 69 132 74 6 2 7 4 23 30 17 38 28 2 
19 3 2 9 5 0 0 1 136 10 0 5 13 4 11 41 35 6 19 64 107 37 24 18 18 19 97 42 15 3 3 8 29 6 7 11 0 0 0 1 136 40 11 8 22 5 0 18 43 9 23 62 136 74 6 5 14 6 35 22 21 41 29 3 11 13 10 9 0 1 7 0 75 122 103 17 2 1 11 2 6 19 136 125 29 11 16 0 1 3 71 52 6 11 23 0 0 1 5 2 0 2 136 4 0 5 22 2 0 2 136 6 0 1 27 10 0 2 136 6 0 0 16 4 0 1 136 6 
7 5 3 0 1 6 3 3 56 42 12 0 0 2 17 21 18 29 60 65 38 12 11 7 0 0 2 34 64 7 1 0 44 5 0 11 59 38 5 12 132 13 2 0 8 35 93 114 8 3 13 14 85 132 74 18 1 0 1 6 14 50 73 11 46 4 0 33 42 18 55 27 132 17 0 5 46 9 17 104 48 9 0 32 132 45 9 20 33 34 23 2 14 17 77 37 4 15 31 1 1 24 132 41 47 11 50 52 46 1 37 132 15 8 8 94 132 1 5 17 12 27 33 2 7 7 40 15 
0 0 1 1 144 38 0 0 102 4 9 4 34 26 1 8 144 7 1 0 42 17 5 22 4 0 0 0 43 14 2 1 1 2 2 15 144 52 12 0 96 1 0 0 30 57 35 18 144 8 0 0 64 6 5 16 9 0 0 0 75 5 0 0 4 3 3 7 40 98 113 15 34 2 3 10 25 95 144 22 144 2 0 2 66 21 20 29 13 0 0 0 80 7 0 0 9 12 8 25 71 17 13 13 13 7 11 23 53 53 19 8 144 3 0 3 62 20 1 6 12 0 0 0 66 7 0 0 
10 7 47 9 1 5 22 37 4 2 64 46 18 49 22 27 13 21 59 23 3 11 36 71 31 69 19 1 4 18 18 10 31 2 9 6 7 15 94 103 33 1 1 23 106 103 26 52 106 28 9 9 28 33 45 106 32 26 9 23 85 65 23 10 13 3 26 12 8 49 60 57 9 1 13 43 82 106 37 8 48 30 101 96 27 16 10 11 13 20 106 106 30 3 0 3 8 19 75 21 1 4 2 4 0 2 34 76 99 17 3 0 0 0 38 102 101 26 50 6 33 7 39 35 1 4 75 47 
7 0 1 57 64 13 26 34 2 2 5 13 16 105 105 20 16 51 7 2 3 83 105 42 40 80 3 0 0 2 31 72 71 45 28 35 21 4 10 66 17 19 47 102 45 59 41 35 62 18 10 20 7 49 92 82 18 3 0 0 4 48 76 73 12 49 72 17 26 53 14 2 73 34 96 59 4 9 14 73 105 37 29 14 0 2 40 99 57 32 26 5 7 61 16 11 3 23 15 0 1 68 25 2 54 28 34 9 5 52 28 25 21 88 102 26 3 13 5 9 19 65 105 26 2 1 0 2 
1 4 75 46 33 7 39 35 100 26 50 6 0 0 38 102 100 17 3 0 0 2 34 77 1 4 2 4 8 19 75 21 30 3 0 3 13 20 106 106 27 16 10 11 48 30 102 95 82 106 37 8 9 1 13 43 8 49 60 57 13 4 27 12 86 65 23 11 32 26 9 23 28 33 45 106 106 28 9 9 106 102 26 52 32 1 1 23 7 16 94 103 31 2 9 6 3 18 19 10 31 69 19 1 3 11 36 71 13 20 60 23 18 49 22 27 4 2 64 46 1 5 22 38 10 7 47 9 
1 1 109 23 11 26 33 13 7 8 115 25 2 5 29 18 60 65 39 9 2 4 12 12 22 59 31 8 5 3 4 6 20 1 8 20 115 86 21 31 59 5 9 2 13 23 95 115 29 22 13 3 69 95 84 32 115 33 11 0 16 10 5 13 24 2 9 53 68 47 31 19 115 54 29 16 14 9 16 65 17 19 38 61 115 48 9 7 115 56 5 9 35 14 0 1 1 3 27 63 54 41 24 5 8 11 115 64 7 2 4 13 8 7 115 86 13 3 1 5 57 61 29 24 6 2 7 26 
21 24 65 41 7 2 1 6 3 32 70 61 12 2 10 5 2 57 115 1 0 8 27 4 1 12 115 19 10 15 10 1 27 13 39 44 79 7 1 12 108 29 29 18 5 9 64 88 9 12 29 10 25 89 115 28 4 10 40 25 113 39 26 2 30 9 2 46 98 4 28 14 115 115 47 3 2 8 33 24 20 74 98 48 53 26 14 7 1 3 4 46 115 8 2 0 35 40 6 13 30 11 69 51 9 32 13 3 23 92 99 23 27 28 14 9 24 42 25 67 2 2 1 19 93 71 23 3 
9 1 4 10 107 50 19 15 21 3 3 8 14 13 120 48 1 0 2 6 4 14 120 25 42 17 6 4 0 7 56 85 35 6 1 10 120 9 2 5 120 33 10 6 24 12 33 67 13 6 18 71 120 44 45 19 33 68 30 25 17 3 13 51 13 6 4 27 100 38 15 2 68 86 98 29 30 19 9 6 24 22 113 120 54 4 3 3 120 42 13 33 18 2 10 52 3 4 12 12 40 67 14 4 2 7 19 14 60 38 61 9 8 8 32 12 3 22 120 5 37 46 30 18 4 9 74 8 
26 16 0 0 0 0 0 0 113 128 50 21 12 1 2 3 22 42 63 89 69 4 3 5 30 59 75 22 18 13 12 13 20 5 0 0 0 0 0 6 126 33 18 4 5 19 51 110 9 14 32 23 104 120 56 23 3 36 68 8 21 5 0 0 38 8 0 0 0 0 0 1 162 31 0 0 29 9 6 29 55 4 0 2 162 47 7 10 8 15 0 4 61 2 0 0 30 4 0 0 0 0 0 0 162 30 0 0 24 1 0 0 62 5 0 3 162 7 0 0 7 12 0 4 61 0 0 0 
23 0 0 0 12 11 0 8 158 0 0 2 26 1 0 49 55 0 0 25 158 0 0 8 0 0 0 4 67 0 0 0 42 1 0 0 12 13 1 9 158 29 8 13 37 1 0 39 43 7 7 59 158 3 0 4 0 0 0 2 59 3 0 0 20 4 0 0 5 64 75 11 106 106 57 24 9 20 36 26 6 18 52 127 120 25 11 2 0 0 0 7 19 2 0 0 19 12 16 24 44 58 41 19 59 3 2 4 33 50 70 101 2 0 2 7 135 102 29 8 0 0 0 1 11 5 0 0 
25 22 63 60 41 40 28 13 107 96 46 43 38 10 2 3 8 11 24 84 114 4 2 0 0 0 0 3 4 0 0 0 33 21 132 70 9 2 0 2 154 56 41 25 6 19 36 89 12 5 14 33 55 119 56 24 0 0 0 1 5 7 2 0 59 2 2 3 18 17 1 2 154 21 0 0 20 9 5 25 65 4 0 0 154 58 6 9 0 0 0 0 26 4 0 0 34 1 0 0 16 18 1 2 154 22 0 0 14 2 0 2 71 6 0 0 154 16 0 0 0 0 0 0 31 2 0 0 
46 34 73 60 11 9 5 17 46 74 91 8 9 26 32 30 57 98 37 19 92 18 8 2 0 1 2 14 87 5 0 0 72 55 32 8 39 22 2 10 61 78 138 93 18 19 15 17 86 106 75 69 33 23 14 31 1 2 8 45 37 31 9 3 0 7 12 5 102 32 0 0 83 15 60 25 26 19 0 4 138 24 9 3 36 36 16 56 14 1 0 0 87 60 10 7 0 0 0 0 86 39 0 0 57 2 0 0 26 32 0 4 138 27 0 0 42 7 0 3 26 3 0 0 124 13 0 0 
12 1 2 1 97 83 11 28 30 16 6 0 0 2 88 100 2 7 14 3 0 1 124 54 2 2 14 9 2 3 81 41 20 10 0 0 124 88 1 4 56 87 35 0 8 7 3 14 93 35 34 3 0 4 44 71 4 1 11 11 30 75 76 17 17 6 0 0 124 73 0 0 74 20 3 0 31 17 1 4 124 78 14 4 1 2 10 37 21 15 28 69 82 40 20 11 18 11 5 16 124 26 0 0 14 13 0 1 49 12 10 4 41 119 69 7 2 4 5 1 2 20 118 99 6 0 0 0 
11 66 117 2 1 19 28 9 59 124 73 4 11 11 23 3 14 18 2 31 124 26 8 0 0 0 0 6 38 2 0 0 22 17 38 38 53 78 51 23 124 66 18 22 38 21 3 22 42 13 11 88 124 0 0 3 0 0 0 10 32 0 0 0 21 33 124 75 16 2 0 6 87 124 71 39 10 9 18 45 6 19 55 124 45 36 16 4 0 0 2 9 5 1 1 0 73 3 18 5 7 4 0 21 124 4 3 1 18 25 32 116 5 0 1 6 97 92 26 12 0 0 0 0 5 4 1 0 
34 30 3 0 0 0 0 0 65 102 51 39 65 7 1 1 1 2 11 46 125 33 14 9 8 5 0 0 15 8 64 44 7 9 5 0 0 0 0 9 60 38 38 14 8 23 43 111 22 7 8 21 73 125 82 64 43 26 12 7 16 27 120 125 17 1 0 0 0 0 0 4 125 25 0 0 16 14 10 41 51 20 3 1 125 125 27 11 24 71 70 18 24 24 59 15 6 1 0 0 0 0 0 0 125 48 2 0 2 3 1 1 60 28 33 7 24 91 57 3 0 1 40 18 6 32 125 12 
0 3 71 8 0 0 0 0 2 6 89 13 0 1 15 9 59 17 31 24 2 8 28 4 112 52 18 20 23 1 2 4 16 7 34 12 0 1 1 2 112 23 11 3 2 9 65 94 38 11 5 17 45 91 112 46 57 34 16 13 20 33 41 75 16 4 6 3 3 49 112 4 112 83 29 10 5 22 55 57 67 27 46 81 48 20 66 53 112 1 0 8 84 14 18 78 1 4 58 42 27 51 90 2 53 55 24 21 20 25 50 63 16 31 87 2 1 8 112 53 18 7 53 36 63 1 13 45 
19 15 35 74 63 41 24 8 80 110 75 6 5 2 18 47 15 64 113 5 0 3 42 19 32 77 29 3 68 21 20 3 48 8 59 47 4 0 1 22 113 38 24 7 6 13 53 113 52 42 43 22 63 63 54 15 113 98 19 18 55 5 0 0 53 12 0 0 0 0 6 21 113 103 87 32 6 3 5 20 24 32 82 113 58 10 4 5 60 88 35 31 10 5 13 27 4 3 0 0 2 42 85 13 4 19 33 7 4 25 7 1 45 6 26 14 0 0 1 5 113 9 1 0 5 9 18 61 
1 2 64 74 10 0 1 4 2 0 1 18 17 18 43 15 14 1 0 0 10 44 32 7 114 40 11 4 2 4 2 38 36 1 3 2 1 3 5 13 114 21 5 3 4 29 95 97 11 5 5 15 56 114 102 23 33 44 19 4 9 45 79 54 24 4 0 0 8 88 63 10 88 108 44 12 4 10 58 30 46 23 49 73 55 25 33 56 79 0 0 10 61 38 51 114 19 14 13 38 45 55 24 18 36 45 19 1 1 19 114 56 19 13 25 4 0 24 114 80 33 2 5 43 103 3 13 77 
16 0 0 0 0 0 0 2 128 2 0 2 1 0 8 68 55 2 38 68 16 16 77 38 0 5 102 27 11 34 66 0 36 2 0 0 0 0 0 2 128 38 9 14 13 0 0 28 62 14 33 128 128 0 1 15 18 7 81 31 20 30 43 33 20 10 0 0 0 0 0 6 107 124 54 19 4 8 20 34 27 65 91 105 44 17 10 6 41 87 77 25 24 16 15 20 47 1 0 0 0 0 0 16 121 3 2 3 32 33 50 111 3 13 13 17 128 67 24 6 4 37 46 6 7 0 0 0 
53 54 34 38 17 17 20 40 41 106 106 1 4 12 47 42 33 76 23 12 118 37 24 4 14 3 0 3 42 7 0 0 122 46 33 14 1 1 6 36 65 78 68 73 36 22 16 24 62 110 44 61 48 10 13 19 38 6 3 22 23 7 7 7 18 25 20 2 12 74 78 14 84 31 63 33 7 12 1 7 122 27 7 6 35 38 33 74 23 11 0 3 56 36 14 8 1 1 3 13 122 106 38 10 62 19 1 4 59 18 0 0 122 61 0 0 51 15 1 2 21 9 0 0 113 26 0 0 
0 0 0 1 2 0 0 0 0 0 0 1 3 0 10 4 0 0 0 0 0 3 30 1 0 0 0 0 0 12 12 4 5 0 0 7 12 1 1 4 84 2 0 13 19 4 98 129 8 1 36 56 12 35 129 36 9 10 32 54 40 108 86 23 16 1 0 0 5 1 0 1 129 41 6 37 47 2 7 32 42 14 79 129 129 9 28 36 12 14 73 103 116 78 25 24 3 2 1 2 6 2 0 0 68 84 30 40 34 9 7 15 28 54 76 102 100 23 8 17 15 31 95 80 96 34 10 13 
6 1 0 0 0 0 0 7 82 21 6 7 25 38 32 119 23 20 10 18 89 108 109 65 12 13 12 28 71 80 126 38 21 1 0 0 0 0 0 3 128 32 7 0 35 45 8 56 33 37 35 10 100 128 111 14 8 22 31 61 82 101 83 17 10 4 0 0 0 1 4 1 99 128 79 1 0 15 17 6 7 38 128 24 7 49 46 1 9 17 71 78 34 55 38 12 0 0 0 0 0 1 2 0 1 3 5 0 0 7 9 1 0 2 22 1 0 1 5 0 1 1 7 5 1 4 8 2 
11 3 18 35 57 23 4 0 139 4 2 9 17 1 0 32 90 0 0 43 139 0 0 13 37 0 0 7 27 0 0 4 37 11 70 49 9 3 6 1 139 35 12 19 19 0 1 34 81 8 9 87 139 0 0 9 36 2 0 6 14 0 0 1 29 5 6 3 15 79 121 26 139 97 37 24 11 28 37 59 54 28 48 108 52 23 9 10 32 2 1 2 2 0 0 3 40 16 25 59 55 40 31 30 97 2 1 11 60 37 41 120 36 1 2 11 94 47 16 18 16 0 0 0 0 0 0 5 
33 25 38 59 54 27 23 16 117 104 35 45 44 6 3 3 70 16 19 70 95 6 6 5 39 3 0 0 0 0 0 2 31 18 71 50 5 0 1 5 153 37 18 17 9 20 44 108 68 14 8 20 73 74 65 35 48 10 0 0 2 1 1 4 50 6 1 2 6 3 1 2 153 27 0 0 34 12 7 30 92 17 0 2 153 48 7 7 51 15 0 0 13 1 0 0 27 8 2 7 10 3 1 0 153 46 1 0 23 3 0 0 86 11 0 0 153 31 0 0 43 9 0 0 21 2 0 0 
5 0 0 0 38 2 0 0 153 0 0 2 67 2 0 9 58 0 0 12 153 4 0 2 4 4 1 1 63 6 3 5 6 0 0 0 53 6 0 1 153 18 7 11 84 8 0 15 53 7 7 58 153 1 0 1 5 1 1 4 64 2 1 3 2 1 1 11 52 4 0 1 67 75 62 41 59 11 11 28 9 17 42 128 147 27 16 13 1 1 1 8 28 13 61 23 5 0 0 6 51 1 0 2 93 5 4 7 66 20 29 92 30 7 3 4 131 78 30 43 35 17 18 18 32 29 63 63 
58 50 11 22 3 1 16 3 112 122 41 37 37 4 4 4 30 21 17 61 74 10 3 1 15 8 0 0 0 0 0 0 23 11 1 3 23 54 122 43 113 47 16 10 18 41 58 107 46 10 7 17 63 101 44 25 31 6 0 0 3 2 0 1 42 47 44 72 65 29 37 24 122 23 1 22 51 20 18 64 69 8 0 0 122 84 7 11 33 9 0 0 21 6 0 0 27 26 34 15 2 1 94 81 61 3 64 19 9 3 68 119 26 3 32 60 122 25 0 14 34 6 0 6 29 4 0 4 
3 0 0 3 21 0 0 1 123 1 0 9 29 1 13 62 42 2 42 87 26 14 86 31 0 9 114 40 14 31 68 1 8 0 0 3 33 0 0 1 123 20 7 16 50 0 0 16 61 9 28 123 123 2 1 22 32 13 67 34 36 33 54 73 3 3 1 8 39 2 1 2 74 89 42 35 38 11 16 27 32 49 60 123 94 23 7 10 51 83 112 39 33 11 10 25 10 0 0 1 32 4 1 8 77 4 2 3 46 34 40 96 3 7 13 13 123 90 22 10 0 19 58 8 16 6 20 10 
27 12 4 3 51 24 1 0 62 72 69 49 48 7 2 3 1 2 14 66 121 22 7 7 1 0 1 1 12 9 49 40 4 2 3 5 90 11 1 3 74 18 30 13 48 29 37 104 29 4 5 11 91 121 46 44 71 26 18 11 21 25 51 97 8 1 0 0 58 14 0 1 121 36 0 0 57 25 7 28 59 13 1 0 121 121 31 9 23 41 48 17 25 38 90 9 1 0 0 0 30 9 0 0 121 57 7 0 39 16 1 1 67 41 69 14 16 82 48 3 0 0 71 40 9 34 121 7 
25 94 97 0 0 11 28 18 58 124 71 3 10 15 45 4 25 20 1 37 124 46 24 3 53 2 0 7 32 5 1 12 25 19 26 42 58 57 45 25 124 63 16 21 34 9 1 16 74 12 8 92 124 0 0 8 65 0 0 7 24 0 0 15 25 25 97 79 20 2 1 7 123 96 51 39 9 7 15 30 61 15 47 124 51 16 12 20 63 0 0 3 4 0 0 18 65 2 11 1 0 0 1 38 90 4 3 4 25 31 54 124 44 4 2 15 62 58 33 22 35 1 0 0 0 0 0 12 
